0.218,1.333,-0.434
-0.069,1.356,-0.379
0.194,1.257,-0.352
0.072,0.858,-0.500
0.203,1.069,-0.400
0.260,0.870,-0.342
0.205,0.763,-0.306
0.092,1.006,-0.179
0.088,0.790,-0.376
0.287,0.983,-0.200
0.120,0.711,-0.319
-0.177,1.133,-0.410
0.054,1.303,-0.320
0.165,0.921,-0.441
0.021,0.831,-0.375
0.257,0.812,-0.356
0.032,0.595,-0.259
0.257,0.630,-0.374
0.087,1.123,-0.461
0.340,0.509,-0.210
0.273,0.900,-0.262
0.270,0.756,-0.255
0.145,0.921,-0.315
-0.160,0.698,-0.414
0.245,0.758,-0.302
0.074,0.791,-0.319
-0.170,1.748,-0.428
-0.027,0.945,-0.556
0.182,0.806,-0.175
0.098,0.791,-0.290
0.168,0.881,-0.122
0.228,0.896,-0.245
-0.187,1.069,-0.278
-0.136,1.269,-0.478
0.034,0.944,-0.568
0.363,1.218,-0.347
0.077,1.027,-0.573
0.304,0.851,-0.336
0.245,1.125,-0.582
0.129,0.714,-0.319
