0.050,0.765,-0.541
0.236,1.325,-0.468
0.186,0.851,-0.364
0.073,0.906,-0.597
0.318,0.816,-0.427
0.146,0.828,-0.406
0.083,1.015,-0.328
-0.057,1.055,-0.503
-0.007,1.146,-0.169
0.215,0.743,-0.345
-0.029,0.921,-0.368
0.254,0.942,-0.287
0.009,0.901,-0.358
0.293,0.759,-0.297
-0.295,1.022,-0.489
0.070,0.887,-0.386
-0.123,0.852,-0.524
0.313,0.745,-0.136
0.216,0.976,-0.319
0.070,0.681,-0.236
0.185,0.987,-0.243
0.252,0.919,-0.305
0.121,0.863,-0.352
0.370,0.897,-0.230
-0.038,0.891,-0.356
0.063,0.979,-0.299
-0.060,0.796,-0.494
0.279,1.081,-0.320
0.220,1.012,-0.389
0.199,0.854,-0.396
0.355,1.112,-0.286
0.106,1.088,-0.366
0.291,1.014,-0.353
0.024,0.700,-0.312
0.079,0.921,-0.343
0.131,0.997,-0.190
0.068,0.944,-0.278
0.107,0.655,-0.482
0.106,0.920,-0.502
0.243,1.078,-0.248
