0.043,1.430,-0.362
0.238,0.754,-0.145
0.252,1.592,0.050
0.088,0.956,-0.446
-0.077,1.074,-0.236
0.224,1.442,-0.506
0.106,0.571,-0.058
-0.084,1.196,-0.435
0.010,0.592,-0.282
0.374,1.319,-0.122
0.199,0.647,-0.256
0.563,1.668,0.173
0.078,0.635,-0.415
0.272,1.375,-0.014
0.005,1.152,-0.312
0.128,0.997,-0.101
-0.154,1.149,-0.573
0.085,0.585,-0.042
0.523,1.320,-0.130
0.335,0.683,-0.051
0.696,0.896,-0.723
0.199,0.627,-0.096
0.080,1.187,-0.056
0.119,0.597,-0.330
0.280,1.611,0.146
-0.066,0.468,-0.480
0.038,1.363,-0.223
0.110,1.354,-0.340
-0.026,1.138,-0.075
0.551,1.123,-0.126
0.111,0.963,-0.186
-0.148,0.797,-0.597
0.246,0.616,0.045
-0.077,1.375,-0.543
-0.006,0.554,-0.128
0.139,1.074,-0.191
0.107,0.881,-0.100
0.589,1.353,-0.287
0.064,0.596,-0.125
0.135,1.238,-0.091
