0.583,1.280,-0.147
0.050,0.613,-0.147
0.016,1.768,0.118
0.410,0.797,-0.123
-0.056,0.829,-0.204
0.453,1.119,-0.111
0.170,0.776,0.159
0.535,1.818,-0.108
0.226,0.567,-0.050
0.954,1.082,-0.747
0.107,0.502,-0.074
-0.096,1.038,-0.323
0.318,0.302,-0.327
0.268,1.641,0.116
0.188,0.945,-0.314
0.046,1.172,-0.259
-0.309,1.065,-0.484
0.175,0.583,0.030
-0.071,1.033,-0.693
0.036,0.433,-0.091
-0.337,1.133,-0.875
0.138,0.850,-0.099
0.807,1.088,-0.207
0.060,0.685,-0.202
-0.207,1.659,-0.090
0.323,0.545,-0.189
-0.122,1.051,-0.252
0.431,1.419,-0.169
0.053,0.825,-0.118
0.139,1.179,-0.387
-0.016,0.518,0.020
0.063,1.038,-0.300
0.096,0.655,-0.273
0.351,1.182,0.022
0.421,0.580,-0.138
-0.036,1.195,-0.192
0.195,1.179,-0.382
-0.119,0.858,-0.272
0.380,0.660,-0.336
0.194,0.517,-0.009
