0.403,1.083,0.001
-0.079,0.639,-0.322
-0.077,1.594,-0.202
0.278,1.140,-0.280
0.103,0.697,-0.188
-0.002,0.929,-0.639
0.088,0.634,0.014
-0.076,1.146,-0.716
0.212,0.891,-0.180
0.432,1.010,0.207
-0.097,0.664,-0.356
-0.030,1.696,-0.059
0.223,0.939,-0.296
0.052,0.810,-0.070
0.237,0.612,-0.456
0.101,0.548,0.025
0.346,1.210,-0.147
0.209,0.759,-0.098
0.412,1.373,-0.258
0.066,0.555,-0.163
0.056,1.212,0.168
0.280,0.566,-0.407
-0.213,1.193,-0.058
0.588,1.384,-0.087
0.321,0.882,0.074
0.694,1.534,-0.070
0.310,0.648,-0.033
0.804,1.062,-0.642
0.168,0.655,-0.012
0.047,1.010,-0.266
0.394,0.518,-0.274
0.317,1.576,0.148
0.167,0.785,-0.387
-0.135,1.123,-0.384
-0.357,1.130,-0.374
0.180,0.646,0.020
-0.031,1.243,-0.627
0.054,0.548,-0.013
0.008,1.037,-0.480
0.158,0.873,-0.125


