0.305,1.010,-0.277
-0.093,1.155,-0.351
0.476,1.099,-0.279
-0.011,0.981,-0.355
0.273,0.829,-0.289
0.089,0.800,-0.274
0.180,0.944,-0.247
0.019,0.756,-0.165
0.174,0.811,-0.200
0.053,0.999,-0.226
0.118,0.897,-0.205
0.168,1.090,-0.165
0.147,0.868,-0.245
0.129,1.017,-0.186
0.298,0.998,-0.279
0.131,0.805,-0.147
0.115,1.052,-0.110
0.223,1.071,-0.166
0.258,0.973,-0.206
0.065,0.969,-0.351
0.227,0.693,-0.260
0.184,1.001,-0.272
0.229,1.250,-0.273
0.105,0.920,-0.211
0.256,1.037,-0.142
0.277,0.913,-0.222
0.272,0.912,-0.168
0.254,0.963,-0.129
0.129,1.106,-0.199
0.135,0.963,-0.286
0.162,1.022,-0.186
0.218,0.916,-0.197
0.268,1.156,-0.316
0.143,0.881,-0.303
0.112,1.040,-0.317
-0.027,0.888,-0.355
0.224,0.934,-0.284
0.179,0.955,-0.229
0.104,1.029,-0.257
0.128,1.026,-0.173

