0.242,0.900,-0.279
0.214,1.052,-0.162
0.209,0.992,-0.207
0.207,1.017,-0.165
0.149,1.392,-0.311
0.046,0.814,-0.257
0.121,0.885,-0.224
-0.038,1.098,-0.472
0.281,0.825,-0.243
0.091,1.089,-0.182
-0.011,0.726,-0.351
0.066,0.945,-0.310
0.318,1.179,-0.227
0.356,0.929,-0.262
0.324,0.944,-0.296
0.359,0.982,-0.185
0.276,0.915,-0.408
0.063,0.859,-0.210
-0.029,1.088,-0.111
0.210,0.679,-0.249
-0.089,1.107,-0.069
0.256,0.757,-0.384
-0.041,0.915,-0.064
0.553,1.417,-0.352
0.178,0.480,-0.066
0.230,1.924,-0.260
-0.046,0.710,-0.233
-0.307,1.197,-0.802
0.100,0.692,-0.176
0.856,1.366,0.142
-0.110,0.583,-0.308
-0.002,1.325,-0.143
0.018,1.012,-0.329
0.102,0.936,-0.036
0.053,1.213,-0.352
0.179,0.753,0.090
0.227,1.248,-0.833
0.175,0.961,-0.225
0.261,0.917,-0.432
0.367,1.008,-0.117
