-0.014,0.859,-0.517
-0.091,0.640,-0.089
0.136,1.214,-0.697
0.160,0.837,-0.200
0.104,1.076,-0.055
0.182,1.043,-0.344
0.002,1.056,-0.229
-0.089,0.929,-0.244
-0.058,1.069,-0.090
0.139,0.856,-0.354
-0.030,0.704,-0.122
0.088,1.068,-0.349
0.037,0.762,-0.261
-0.159,1.332,-0.135
0.291,0.601,-0.307
-0.045,1.260,-0.125
0.113,1.128,-0.346
-0.021,0.710,-0.126
0.251,0.886,-0.422
0.087,0.624,-0.082
0.333,1.048,-0.263
-0.046,0.691,-0.115
-0.366,1.116,-0.114
0.105,0.541,-0.294
-0.162,1.438,-0.160
0.287,1.060,-0.262
0.079,0.984,0.068
0.293,0.879,-0.261
0.178,0.677,-0.024
0.191,1.024,-0.559
-0.021,0.822,-0.174
-0.109,1.192,-0.118
0.144,0.633,-0.212
0.304,1.551,0.081
0.250,1.271,-0.197
0.082,0.670,-0.168
0.223,0.662,-0.326
0.148,0.614,-0.006
0.325,1.158,-0.317
-0.079,0.692,-0.227
