-0.032,0.057,0.933
-0.046,0.061,0.926
-0.047,0.056,0.933
-0.054,0.052,0.931
-0.053,0.056,0.927
-0.058,0.052,0.932
-0.048,0.054,0.935
-0.050,0.049,0.932
-0.064,0.052,0.928
-0.076,0.051,0.948
-0.058,0.057,0.937
-0.052,0.056,0.933
-0.062,0.061,0.929
-0.051,0.054,0.935
-0.061,0.058,0.932
-0.054,0.057,0.937
-0.077,0.053,0.928
-0.049,0.058,0.931
-0.058,0.048,0.928
-0.048,0.054,0.922
-0.044,0.056,0.931
-0.049,0.053,0.938
-0.059,0.062,0.926
-0.055,0.052,0.926
-0.054,0.059,0.930
-0.047,0.057,0.927
-0.057,0.055,0.931
-0.039,0.057,0.940
-0.043,0.060,0.928
-0.062,0.060,0.932
-0.059,0.052,0.939
-0.054,0.056,0.925
-0.049,0.058,0.944
-0.043,0.057,0.928
-0.054,0.062,0.939
-0.058,0.052,0.933
-0.059,0.055,0.929
-0.058,0.048,0.930
-0.051,0.055,0.924
-0.054,0.058,0.933
