-0.216,0.053,0.888
-0.224,0.047,0.888
-0.223,0.055,0.892
-0.225,0.047,0.897
-0.223,0.049,0.880
-0.216,0.059,0.890
-0.208,0.057,0.880
-0.225,0.049,0.894
-0.221,0.055,0.885
-0.225,0.050,0.889
-0.221,0.062,0.884
-0.219,0.044,0.881
-0.219,0.050,0.882
-0.221,0.045,0.878
-0.234,0.047,0.878
-0.226,0.048,0.871
-0.222,0.044,0.882
-0.225,0.047,0.883
-0.220,0.058,0.887
-0.221,0.055,0.881
-0.220,0.050,0.877
-0.213,0.064,0.892
-0.230,0.053,0.883
-0.223,0.062,0.885
-0.219,0.047,0.888
-0.233,0.033,0.878
-0.217,0.045,0.889
-0.221,0.048,0.889
-0.219,0.056,0.891
-0.210,0.045,0.886
-0.222,0.050,0.888
-0.225,0.052,0.896
-0.224,0.047,0.879
-0.205,0.054,0.885
-0.227,0.054,0.886
-0.215,0.046,0.888
-0.223,0.053,0.892
-0.225,0.055,0.888
-0.229,0.053,0.890
-0.204,0.052,0.902
