0.131,0.976,-0.305
0.132,0.962,-0.302
0.128,0.961,-0.311
0.156,0.973,-0.283
0.143,0.969,-0.298
0.131,0.957,-0.312
0.141,0.957,-0.320
0.128,0.958,-0.327
0.153,0.960,-0.324
0.160,0.965,-0.313
0.141,0.958,-0.340
0.128,0.951,-0.330
0.129,0.940,-0.339
0.114,0.963,-0.325
0.145,0.954,-0.305
0.119,0.956,-0.341
0.146,0.963,-0.336
0.125,0.964,-0.338
0.120,0.966,-0.335
0.133,0.957,-0.319
0.133,0.959,-0.324
0.138,0.958,-0.325
0.127,0.979,-0.321
0.139,0.963,-0.315
0.126,0.962,-0.319
0.116,0.968,-0.326
0.141,0.962,-0.307
0.120,0.976,-0.299
0.121,0.967,-0.302
0.115,0.963,-0.311
0.155,0.968,-0.314
0.139,0.964,-0.315
0.134,0.958,-0.322
0.129,0.964,-0.303
0.127,0.964,-0.323
0.148,0.966,-0.304
0.125,0.954,-0.322
0.126,0.966,-0.328
0.127,0.963,-0.313
0.127,0.963,-0.334
