0.199,0.853,-0.623
-0.028,0.466,-0.104
0.026,0.865,-0.602
0.072,0.991,-0.089
0.628,1.455,0.010
0.121,0.706,-0.207
-0.318,1.696,0.035
0.192,0.469,-0.306
0.032,1.048,-0.102
0.486,1.054,-0.166
0.118,0.838,0.118
0.309,1.592,-0.122
0.180,0.756,-0.083
0.563,1.425,-0.619
0.159,0.719,-0.112
-0.239,1.420,-0.009
0.264,0.610,-0.326
-0.152,1.016,-0.115
0.514,1.370,-0.076
0.136,0.669,0.039
0.411,1.001,-0.323
0.280,0.597,-0.132
0.493,1.277,-0.016
0.060,0.738,-0.152
0.108,1.500,0.225
0.315,0.424,-0.302
0.152,0.999,-0.111
0.704,1.224,-0.024
0.135,0.617,0.016
0.483,1.075,-0.324
0.102,0.632,-0.089
0.844,1.434,-0.210
0.240,0.855,-0.053
0.022,1.181,-0.217
0.218,0.447,-0.311
0.513,1.656,0.160
0.117,0.730,-0.453
-0.109,1.156,-0.160
-0.154,1.417,-0.380
0.180,0.746,-0.020
159
