0.061,1.000,-0.056
0.058,0.978,-0.073
0.044,0.981,-0.012
0.050,1.034,-0.043
0.058,1.024,0.038
0.149,1.063,0.017
-0.007,1.063,-0.250
-0.044,0.945,-0.243
-0.060,0.924,-0.084
-0.112,1.182,-0.313
0.129,0.875,-0.164
0.112,0.922,-0.028
0.284,1.423,-0.347
0.008,0.771,-0.196
-0.126,1.246,0.093
0.342,0.907,-0.363
0.282,1.069,-0.092
0.209,1.132,0.056
0.074,0.784,-0.438
0.137,0.769,0.035
0.260,0.973,-0.161
0.229,0.631,0.051
0.392,1.067,-0.632
0.072,0.748,-0.088
-0.052,1.149,-0.383
0.143,0.796,-0.132
0.635,1.319,0.078
0.183,0.504,-0.245
-0.207,1.575,0.012
0.153,0.615,-0.212
0.021,1.316,-0.108
0.104,1.337,-0.267
0.015,0.845,-0.079
0.449,1.252,-0.139
0.209,0.629,-0.052
0.057,1.461,-0.290
-0.103,0.710,-0.170
-0.008,0.953,-0.516
0.370,0.682,-0.085
0.588,1.364,0.125
