-0.233,0.052,0.903
-0.223,0.048,0.882
-0.223,0.051,0.881
-0.219,0.051,0.897
-0.225,0.050,0.886
-0.224,0.044,0.899
-0.233,0.055,0.880
-0.221,0.054,0.880
-0.221,0.034,0.880
-0.221,0.037,0.876
-0.223,0.032,0.884
-0.206,0.049,0.874
-0.227,0.050,0.888
-0.220,0.048,0.884
-0.223,0.045,0.896
-0.222,0.048,0.888
-0.225,0.048,0.905
-0.209,0.047,0.883
-0.223,0.050,0.887
-0.220,0.048,0.895
-0.227,0.055,0.896
-0.219,0.054,0.883
-0.226,0.055,0.896
-0.224,0.059,0.885
-0.223,0.056,0.881
-0.225,0.055,0.876
-0.225,0.050,0.891
-0.222,0.042,0.863
-0.219,0.047,0.890
-0.226,0.057,0.883
-0.225,0.047,0.879
-0.220,0.057,0.878
-0.231,0.050,0.881
-0.231,0.054,0.885
-0.220,0.050,0.885
-0.222,0.048,0.882
-0.228,0.051,0.883
-0.224,0.052,0.890
-0.220,0.052,0.885
-0.220,0.048,0.885
