-0.221,0.050,0.882
-0.225,0.052,0.881
-0.220,0.062,0.906
-0.218,0.047,0.893
-0.225,0.061,0.877
-0.220,0.050,0.877
-0.221,0.052,0.884
-0.214,0.056,0.890
-0.222,0.062,0.879
-0.226,0.045,0.881
-0.205,0.061,0.902
-0.230,0.062,0.876
-0.219,0.053,0.876
-0.223,0.052,0.888
-0.232,0.049,0.893
-0.228,0.052,0.875
-0.219,0.051,0.884
-0.220,0.055,0.881
-0.215,0.042,0.894
-0.224,0.047,0.896
-0.217,0.050,0.901
-0.219,0.049,0.888
-0.224,0.057,0.876
-0.221,0.051,0.885
-0.207,0.048,0.892
-0.214,0.031,0.903
-0.217,0.047,0.884
-0.218,0.055,0.884
-0.220,0.052,0.877
-0.223,0.033,0.878
-0.219,0.056,0.881
-0.223,0.056,0.889
-0.208,0.060,0.887
-0.219,0.051,0.883
-0.224,0.056,0.896
-0.222,0.057,0.888
-0.219,0.054,0.882
-0.214,0.034,0.880
-0.218,0.046,0.887
-0.232,0.046,0.888
