0.254,0.665,-0.165
0.534,1.292,-0.026
-0.020,0.808,-0.310
-0.078,1.271,-0.203
-0.321,1.149,-0.443
0.084,0.887,-0.031
0.346,1.101,-0.397
0.048,0.913,-0.167
-0.066,1.361,-0.050
-0.072,1.271,-0.299
0.195,0.833,-0.034
0.072,1.011,-0.484
-0.058,0.889,-0.259
0.020,1.121,-0.095
-0.116,1.334,-0.367
0.135,0.878,-0.078
0.408,1.210,-0.296
-0.098,0.887,-0.266
-0.131,0.869,-0.176
0.283,1.064,-0.346
0.187,0.765,-0.247
0.012,1.367,-0.009
0.187,1.104,-0.198
-0.059,0.893,-0.096
0.298,0.893,-0.275
0.186,0.701,-0.105
0.853,1.141,0.163
-0.013,0.631,-0.313
0.052,1.365,-0.062
0.086,0.972,-0.243
0.101,0.937,-0.126
-0.204,1.120,-0.486
-0.058,0.721,-0.134
-0.269,1.037,-0.722
0.172,0.998,-0.215
0.026,1.250,0.136
0.232,0.951,-0.310
0.050,0.865,-0.059
0.225,1.258,-0.159
0.201,0.704,-0.133
