-0.002,0.741,-0.148
0.167,1.094,0.119
0.367,0.546,-0.284
0.067,1.291,-0.125
0.654,1.235,-0.091
-0.045,0.820,-0.163
-0.218,0.643,-0.606
0.417,0.807,0.233
-0.135,1.286,-0.625
0.132,0.762,-0.009
-0.186,0.873,-1.104
0.078,1.006,-0.167
0.353,1.238,-0.213
0.069,0.760,-0.166
-0.085,1.203,-0.064
0.228,0.780,-0.300
0.187,1.092,-0.152
-0.119,0.877,-0.182
0.079,0.994,-0.087
-0.133,0.842,-0.256
-0.114,1.069,-0.644
0.083,0.893,-0.323
0.187,0.848,-0.065
0.159,0.475,-0.731
-0.021,0.717,-0.350
0.030,1.002,-0.106
-0.034,1.059,-0.435
0.071,0.745,0.104
0.468,0.904,-0.491
0.187,0.821,-0.073
0.083,1.504,0.286
0.207,0.531,-0.303
-0.077,0.965,-0.060
0.188,1.269,-0.282
0.143,0.742,0.145
-0.072,1.245,-0.392
0.286,0.974,-0.099
0.126,0.872,-0.136
0.125,0.883,-0.321
0.104,0.958,-0.298
