-0.224,0.048,0.889
-0.220,0.031,0.878
-0.233,0.051,0.878
-0.225,0.054,0.884
-0.221,0.048,0.883
-0.224,0.053,0.904
-0.220,0.044,0.885
-0.217,0.053,0.882
-0.225,0.052,0.888
-0.232,0.050,0.880
-0.218,0.052,0.885
-0.223,0.052,0.896
-0.219,0.046,0.887
-0.204,0.054,0.889
-0.220,0.047,0.886
-0.205,0.055,0.898
-0.211,0.021,0.876
-0.220,0.054,0.875
-0.220,0.055,0.886
-0.203,0.053,0.885
-0.224,0.054,0.902
-0.223,0.050,0.879
-0.219,0.047,0.902
-0.220,0.060,0.875
-0.222,0.034,0.885
-0.214,0.052,0.887
-0.217,0.048,0.887
-0.213,0.049,0.885
-0.216,0.037,0.890
-0.220,0.053,0.898
-0.223,0.052,0.877
-0.222,0.052,0.883
-0.223,0.047,0.876
-0.222,0.051,0.889
-0.224,0.049,0.888
-0.226,0.058,0.878
-0.222,0.045,0.884
-0.220,0.052,0.890
-0.220,0.062,0.879
-0.220,0.035,0.875
