0.030,0.663,-0.020
-0.211,1.030,-0.644
0.180,0.920,-0.171
0.396,0.987,-0.086
0.152,0.665,-0.317
0.064,1.035,-0.222
-0.064,1.254,-0.364
0.115,0.838,-0.031
0.414,1.062,-0.452
-0.029,0.889,-0.189
0.021,1.400,0.042
0.042,0.980,-0.263
0.087,0.753,-0.135
-0.362,1.114,-0.522
-0.108,0.692,-0.223
-0.007,1.302,-0.223
0.184,0.707,-0.241
-0.090,1.002,-0.202
-0.009,1.261,-0.294
0.002,0.781,-0.069
-0.245,0.986,-0.629
0.234,0.995,-0.173
0.048,1.322,-0.004
0.365,1.008,-0.159
0.021,0.691,-0.087
-0.209,1.152,-0.718
0.358,0.964,-0.126
0.192,1.394,0.043
0.355,1.105,-0.237
-0.012,0.789,-0.105
-0.086,0.985,-0.541
0.293,0.871,-0.131
0.046,1.361,-0.076
0.281,1.150,-0.232
-0.044,0.738,-0.073
-0.259,1.019,-0.653
0.266,1.002,-0.154
0.272,1.357,0.064
0.013,0.685,-0.449
-0.163,0.938,-0.242
