0.064,0.839,-0.262
0.182,0.807,-0.237
-0.183,1.452,-0.153
0.271,1.137,-0.074
0.139,0.847,-0.037
0.287,1.300,-0.049
0.160,0.639,-0.092
0.610,1.570,-0.369
-0.042,0.787,-0.160
-0.102,1.348,0.049
0.076,0.631,-0.328
0.121,1.281,-0.201
0.399,1.128,-0.115
0.080,0.937,-0.087
0.199,1.045,-0.242
0.157,0.587,-0.060
0.271,0.942,-0.482
-0.011,0.781,-0.127
-0.033,1.109,0.030
0.091,0.555,-0.288
-0.136,1.244,-0.224
0.291,1.099,-0.172
-0.042,0.859,-0.145
0.009,0.972,-0.413
0.116,0.663,-0.020
0.215,1.137,-0.444
-0.040,0.778,-0.197
0.047,1.044,-0.043
0.188,0.455,-0.308
0.003,1.159,-0.221
0.186,1.406,-0.107
0.107,0.564,-0.031
0.197,1.247,-0.220
0.168,0.680,-0.153
0.505,1.342,-0.376
0.015,0.832,-0.152
0.091,1.219,0.134
0.157,0.841,-0.209
0.005,1.057,-0.091
0.004,1.116,-0.444
0.548
