-0.089,1.207,-0.284
-0.169,0.970,-0.352
0.062,0.741,-0.011
-0.255,1.565,-0.548
-0.216,0.654,-0.164
-0.238,1.144,-0.789
0.106,0.968,-0.177
0.638,1.270,0.007
0.168,0.588,-0.299
0.207,1.344,0.135
-0.228,1.464,-0.187
-0.007,0.682,-0.133
-0.215,1.022,-0.748
0.113,0.584,-0.028
-0.195,1.291,-0.786
0.092,0.786,-0.271
0.381,1.377,-0.057
0.130,0.687,-0.364
-0.259,0.834,-0.364
-0.096,0.822,-0.367
-0.071,1.017,-0.149
-0.032,0.896,-0.226
-0.066,0.875,-0.141
0.149,1.035,-0.415
0.201,0.945,-0.222
0.118,1.377,-0.043
0.261,1.186,-0.301
0.032,0.744,-0.028
0.183,1.364,-0.108
0.191,0.472,-0.076
0.623,1.135,-0.638
0.127,0.651,-0.122
0.110,1.016,-0.024
0.229,0.480,-0.301
-0.013,1.580,-0.007
0.305,1.015,-0.223
-0.043,0.998,-0.116
0.494,1.376,-0.068
0.226,0.611,-0.147
0.346,1.227,-0.442
