-0.222,0.059,0.879
-0.220,0.050,0.879
-0.225,0.033,0.889
-0.221,0.036,0.879
-0.222,0.045,0.878
-0.234,0.037,0.882
-0.226,0.051,0.888
-0.219,0.051,0.885
-0.225,0.052,0.886
-0.219,0.056,0.873
-0.225,0.048,0.891
-0.224,0.040,0.888
-0.227,0.049,0.861
-0.223,0.053,0.886
-0.221,0.053,0.877
-0.220,0.054,0.887
-0.218,0.047,0.876
-0.228,0.054,0.875
-0.205,0.052,0.882
-0.220,0.052,0.885
-0.218,0.056,0.903
-0.223,0.048,0.889
-0.224,0.046,0.880
-0.218,0.059,0.882
-0.227,0.048,0.880
-0.223,0.050,0.887
-0.223,0.053,0.891
-0.221,0.050,0.876
-0.221,0.054,0.884
-0.225,0.050,0.893
-0.221,0.055,0.884
-0.218,0.057,0.873
-0.216,0.053,0.885
-0.213,0.036,0.911
-0.228,0.049,0.879
-0.224,-0.060,0.815
-0.226,0.059,0.887
-0.221,0.055,0.884
