0.137,0.962,-0.326
0.153,0.963,-0.326
0.144,0.958,-0.323
0.117,0.966,-0.318
0.142,0.971,-0.318
0.128,0.963,-0.327
0.122,0.945,-0.332
0.135,0.960,-0.327
0.121,0.958,-0.324
0.126,0.959,-0.333
0.135,0.949,-0.326
0.153,0.954,-0.318
0.132,0.961,-0.311
0.094,0.954,-0.323
0.137,0.954,-0.322
0.139,0.959,-0.325
0.134,0.962,-0.303
0.133,0.954,-0.309
0.116,0.955,-0.320
0.159,0.966,-0.329
0.124,0.944,-0.318
0.098,0.950,-0.307
0.124,0.953,-0.306
0.144,0.984,-0.307
0.127,0.953,-0.321
0.132,0.967,-0.312
0.140,0.967,-0.323
0.126,0.967,-0.319
0.132,0.954,-0.324
0.127,0.960,-0.327
0.133,0.962,-0.314
0.129,0.939,-0.321
0.116,0.954,-0.321
0.131,0.959,-0.339
0.133,0.957,-0.319
0.127,0.959,-0.317
0.133,0.969,-0.326
0.116,0.967,-0.316
0.132,0.960,-0.318
0.139,0.960,-0.325
