0.150,0.940,-0.227
-0.576,1.182,-0.384
0.230,0.907,-0.265
0.299,1.110,-0.328
0.148,0.881,-0.271
0.294,0.980,-0.330
0.127,0.839,-0.297
0.209,1.004,-0.267
0.339,0.826,-0.323
0.191,0.785,-0.270
0.230,0.898,-0.230
0.130,0.886,-0.270
0.177,0.882,-0.256
0.125,0.940,-0.302
0.043,0.781,-0.333
0.335,0.930,-0.265
-0.073,1.031,-0.366
0.123,1.001,-0.359
0.165,1.077,-0.308
0.322,1.035,-0.336
0.035,1.051,-0.202
0.016,1.139,-0.373
0.283,1.321,-0.390
0.067,1.028,-0.323
0.309,1.327,-0.270
0.157,0.962,-0.396
0.417,0.745,-0.294
0.027,0.937,-0.387
0.222,0.910,-0.368
0.095,0.664,-0.231
0.126,0.782,-0.341
0.013,0.734,-0.425
0.385,0.937,-0.277
0.051,0.833,-0.304
0.318,0.819,-0.336
0.072,0.880,-0.218
0.380,0.879,-0.187
-0.278,0.888,-0.382
-0.099,1.115,-0.308
0.155,1.534,-0.387


