0.228,0.853,-0.528
0.273,0.642,-0.366
0.014,0.920,-0.494
0.230,0.853,-0.376
0.079,0.886,-0.423
0.224,0.732,-0.268
0.035,0.906,-0.295
0.084,0.653,-0.445
0.165,0.801,-0.338
0.340,0.707,-0.315
0.211,1.113,-0.227
0.094,0.968,-0.466
-0.014,0.815,-0.313
0.246,0.896,-0.205
0.209,0.928,-0.184
0.174,0.707,-0.152
0.287,0.983,-0.215
0.346,0.898,-0.261
0.082,0.972,-0.538
0.183,1.208,-0.396
0.259,0.655,-0.443
0.254,0.849,-0.339
0.393,0.946,-0.220
0.304,1.006,-0.297
0.117,0.980,-0.247
0.172,0.915,-0.235
0.245,0.962,-0.251
0.289,0.882,-0.291
0.339,0.866,-0.184
0.290,0.820,-0.299
0.074,0.783,-0.405
0.408,0.775,-0.171
0.157,0.991,-0.143
0.276,1.215,-0.320
0.456,0.954,-0.311
0.220,1.006,-0.489
0.137,0.969,-0.483
-0.045,1.003,-0.494
0.161,0.849,-0.365
0.068,0.687,-0.269
0.403
