0.140,0.958,-0.327
0.136,0.957,-0.324
0.129,0.957,-0.334
0.131,0.958,-0.316
0.127,0.958,-0.325
0.129,0.960,-0.336
0.137,0.961,-0.333
0.151,0.958,-0.343
0.131,0.955,-0.343
0.132,0.964,-0.323
0.132,0.958,-0.335
0.138,0.962,-0.338
0.144,0.955,-0.323
0.128,0.967,-0.330
0.130,0.959,-0.333
0.136,0.940,-0.332
0.141,0.942,-0.338
0.137,0.970,-0.340
0.130,0.964,-0.319
0.153,0.962,-0.339
0.125,0.978,-0.307
0.144,0.907,-0.269
0.110,0.990,-0.219
0.107,1.010,-0.189
0.081,0.983,-0.230
0.099,0.990,-0.253
0.100,0.981,-0.261
0.104,0.976,-0.247
0.109,0.982,-0.270
0.113,0.995,-0.263
0.099,0.931,-0.255
0.065,1.052,-0.271
0.099,0.949,-0.202
0.115,0.964,-0.185
0.118,0.918,-0.218
0.108,0.970,-0.218
0.116,1.042,-0.227
0.118,0.974,-0.221
0.136,0.947,-0.249
0.071,0.986,-0.375

