-0.216,0.052,0.884
-0.221,0.061,0.891
-0.225,0.049,0.880
-0.223,0.051,0.876
-0.222,0.060,0.895
-0.220,0.049,0.875
-0.216,0.046,0.880
-0.222,0.053,0.880
-0.220,0.050,0.888
-0.216,0.045,0.888
-0.232,0.055,0.884
-0.222,0.053,0.882
-0.222,0.054,0.891
-0.224,0.053,0.881
-0.221,0.051,0.882
-0.227,0.053,0.880
-0.225,0.050,0.867
-0.215,0.053,0.881
-0.221,0.035,0.866
-0.213,0.052,0.884
-0.223,0.047,0.884
-0.230,0.048,0.886
-0.215,0.050,0.881
-0.222,0.055,0.878
-0.221,0.051,0.893
-0.220,0.049,0.884
-0.223,0.057,0.881
-0.227,0.056,0.878
-0.217,0.050,0.883
-0.222,0.052,0.876
-0.221,0.048,0.885
-0.221,0.050,0.885
-0.218,0.056,0.890
-0.222,0.052,0.889
-0.224,0.049,0.894
-0.229,0.052,0.885
-0.223,0.044,0.885
-0.234,0.049,0.875
-0.226,0.050,0.885
-0.224,0.034,0.871
