0.118,0.965,-0.311
0.126,0.953,-0.316
0.128,0.964,-0.317
0.139,0.960,-0.306
0.131,0.969,-0.328
0.132,0.955,-0.327
0.121,0.967,-0.303
0.134,0.966,-0.309
0.134,0.958,-0.325
0.130,0.968,-0.308
0.130,0.964,-0.327
0.153,0.984,-0.298
0.129,0.984,-0.297
0.147,0.969,-0.307
0.137,0.983,-0.316
0.126,0.961,-0.298
0.113,0.960,-0.326
0.130,0.956,-0.326
0.142,0.963,-0.322
0.133,0.979,-0.323
0.154,0.964,-0.301
0.138,0.954,-0.321
0.132,0.959,-0.325
0.133,0.971,-0.326
0.139,0.959,-0.312
0.131,0.954,-0.318
0.123,0.950,-0.313
0.126,0.962,-0.318
0.134,0.975,-0.302
0.134,0.938,-0.305
0.134,0.955,-0.322
0.132,0.963,-0.294
0.123,0.962,-0.297
0.145,0.981,-0.287
0.128,0.963,-0.303
0.138,0.966,-0.302
0.141,0.962,-0.301
0.134,0.962,-0.302
0.126,0.963,-0.323
0.126,0.966,-0.311
