-0.232,0.053,0.883
-0.225,0.053,0.886
-0.223,0.051,0.878
-0.220,0.035,0.878
-0.225,0.053,0.884
-0.220,0.056,0.883
-0.226,0.052,0.886
-0.219,0.055,0.881
-0.233,0.048,0.884
-0.225,0.050,0.882
-0.222,0.054,0.880
-0.251,0.105,0.844
-0.211,0.036,0.864
-0.226,0.057,0.889
-0.263,0.128,0.849
-0.215,0.054,0.896
-0.250,0.038,0.902
-0.219,0.054,0.883
-0.240,0.042,0.864
-0.220,0.062,0.877
-0.222,0.059,0.895
-0.234,0.031,0.893
-0.219,0.057,0.883
-0.223,0.049,0.889
-0.221,0.047,0.888
-0.223,0.060,0.877
-0.224,0.044,0.882
-0.220,0.052,0.889
-0.208,0.052,0.878
-0.219,0.050,0.888
-0.222,0.054,0.876
-0.223,0.052,0.889
-0.225,0.052,0.882
-0.222,0.048,0.890
-0.220,0.049,0.886
-0.211,0.053,0.889
-0.218,0.046,0.877
-0.223,0.055,0.883
-0.220,0.048,0.889
