0.047,0.935,-0.316
0.105,0.910,-0.286
0.233,0.966,-0.186
0.228,0.927,-0.160
0.283,0.975,-0.015
0.059,1.163,-0.257
0.061,1.066,-0.280
0.007,0.986,-0.196
0.298,0.696,-0.419
0.242,0.918,-0.232
0.205,1.137,-0.454
0.178,0.934,-0.331
0.105,0.920,-0.440
0.441,0.900,-0.203
0.271,0.892,-0.292
0.280,0.870,-0.320
0.454,1.021,-0.246
-0.058,0.877,-0.394
-0.033,0.850,-0.116
0.186,0.960,-0.445
0.168,0.907,-0.180
0.632,1.122,-0.136
0.111,0.761,-0.269
-0.234,1.795,0.004
0.157,0.641,-0.269
-0.014,1.275,-0.161
0.293,0.629,-0.309
0.061,0.897,-0.171
0.524,1.090,-0.393
0.270,0.289,0.022
0.164,0.914,-0.523
0.117,0.459,-0.169
0.041,0.937,-0.357
0.248,0.734,-0.224
0.493,1.402,0.074
0.316,0.349,-0.421
0.125,0.995,-0.177
-0.089,0.825,-0.416
0.181,0.845,-0.179
0.329,0.904,-0.303

