0.128,0.967,-0.329
0.115,0.968,-0.339
0.131,0.968,-0.315
0.125,0.959,-0.299
0.134,0.964,-0.312
0.139,0.956,-0.325
0.118,0.955,-0.340
0.138,0.968,-0.325
0.128,0.966,-0.336
0.139,0.984,-0.326
0.141,0.948,-0.339
0.136,0.972,-0.315
0.114,0.967,-0.320
0.118,0.961,-0.318
0.133,0.963,-0.319
0.134,0.958,-0.321
0.145,0.965,-0.319
0.127,0.959,-0.311
0.132,0.983,-0.316
0.144,0.954,-0.330
0.125,0.960,-0.323
0.138,0.964,-0.317
0.129,0.955,-0.319
0.148,0.965,-0.308
0.128,0.961,-0.341
0.135,0.961,-0.319
0.137,0.960,-0.322
0.130,0.963,-0.321
0.137,0.963,-0.318
0.131,0.962,-0.325
0.125,0.963,-0.327
0.137,0.961,-0.315
0.123,0.955,-0.320
0.127,0.965,-0.284
0.119,0.961,-0.308
0.127,0.982,-0.311
0.118,0.964,-0.297
0.156,0.961,-0.327
0.122,0.961,-0.298
0.133,0.969,-0.307
