-0.224,0.053,0.879
-0.226,0.049,0.882
-0.234,0.050,0.885
-0.233,0.054,0.890
-0.234,0.062,0.882
-0.223,0.052,0.884
-0.224,0.058,0.884
-0.224,0.061,0.888
-0.224,0.054,0.884
-0.221,0.051,0.880
-0.203,0.062,0.885
-0.234,0.050,0.889
-0.219,0.053,0.874
-0.231,0.050,0.881
-0.219,0.059,0.870
-0.226,0.053,0.889
-0.220,0.053,0.881
-0.228,0.057,0.879
-0.222,0.055,0.885
-0.221,0.050,0.886
-0.233,0.051,0.885
-0.220,0.055,0.882
-0.205,0.051,0.879
-0.232,0.054,0.876
-0.234,0.051,0.877
-0.205,0.058,0.886
-0.223,0.056,0.883
-0.225,0.050,0.888
-0.230,0.053,0.876
-0.223,0.051,0.890
-0.219,0.052,0.885
-0.221,0.052,0.875
-0.227,0.054,0.883
-0.233,0.047,0.880
-0.222,0.048,0.883
-0.224,0.052,0.862
-0.234,0.049,0.885
