-0.017,0.075,0.948
-0.022,0.072,0.930
-0.029,0.075,0.939
-0.029,0.079,0.947
-0.020,0.071,0.931
-0.019,0.066,0.938
-0.040,0.076,0.946
-0.034,0.071,0.944
-0.053,0.069,0.937
-0.037,0.071,0.948
-0.038,0.073,0.947
-0.045,0.066,0.925
-0.036,0.065,0.926
-0.054,0.074,0.929
-0.043,0.066,0.937
-0.042,0.073,0.929
-0.038,0.064,0.928
-0.033,0.069,0.929
-0.032,0.068,0.952
-0.022,0.071,0.928
-0.039,0.067,0.937
-0.043,0.067,0.932
-0.038,0.075,0.924
-0.036,0.066,0.929
-0.034,0.068,0.935
-0.039,0.074,0.928
-0.038,0.072,0.936
-0.046,0.067,0.927
-0.034,0.069,0.946
-0.037,0.069,0.913
0.055,0.008,0.971
