-0.047,1.446,-0.700
-0.082,0.517,-0.106
0.002,0.891,-0.617
0.064,0.854,-0.148
0.311,1.140,-0.332
0.194,0.651,-0.154
-0.129,1.361,-0.085
0.219,0.342,-0.388
0.227,1.338,-0.078
0.190,0.837,-0.419
0.033,1.177,-0.214
-0.065,1.284,-0.216
0.195,0.798,-0.049
-0.094,1.236,-0.707
-0.013,0.462,-0.097
0.083,1.476,-0.427
0.236,0.781,-0.103
0.442,1.459,-0.363
0.086,0.716,-0.146
-0.104,1.424,-0.064
0.199,0.500,-0.284
0.163,1.271,-0.165
0.341,1.931,-0.304
0.203,0.875,0.088
0.610,0.837,-0.405
0.279,0.495,-0.001
0.844,1.019,-0.616
0.164,0.450,-0.102
0.086,1.140,-0.153
0.266,0.640,-0.303
0.304,1.726,-0.042
0.251,0.995,-0.309
0.003,1.008,-0.281
0.046,1.497,-0.337
0.042,0.626,0.026
-0.302,1.611,-0.803
-0.044,0.594,-0.105
0.200,1.063,-0.580
0.024,0.893,-0.160
0.482,1.331,-0.307
