-0.230,0.062,0.883
-0.206,0.049,0.884
-0.218,0.053,0.879
-0.218,0.041,0.898
-0.238,0.067,0.881
-0.221,0.033,0.904
-0.223,0.048,0.887
-0.215,0.046,0.879
-0.219,0.053,0.888
-0.220,0.051,0.905
-0.205,0.053,0.890
-0.217,0.049,0.883
-0.221,0.035,0.892
-0.224,0.031,0.887
-0.219,0.052,0.890
-0.222,0.060,0.885
-0.220,0.034,0.890
-0.218,0.047,0.863
-0.224,0.046,0.874
-0.223,0.053,0.886
-0.225,0.060,0.880
-0.218,0.050,0.897
-0.222,0.052,0.875
-0.206,0.051,0.880
-0.217,0.056,0.888
-0.223,0.053,0.895
-0.219,0.061,0.904
-0.214,0.049,0.885
-0.225,0.049,0.885
-0.220,0.054,0.900
-0.219,0.051,0.889
-0.219,0.047,0.879
-0.222,0.035,0.877
-0.220,0.043,0.884
-0.220,0.035,0.886
-0.223,0.052,0.888
-0.220,0.046,0.888
-0.230,0.053,0.896
-0.228,0.050,0.900
