-0.205,0.034,0.889
-0.208,0.047,0.885
-0.226,0.049,0.888
-0.205,0.050,0.880
-0.221,0.052,0.895
-0.220,0.044,0.888
-0.205,0.048,0.896
-0.223,0.053,0.887
-0.220,0.042,0.880
-0.224,0.052,0.882
-0.234,0.057,0.891
-0.222,0.052,0.896
-0.224,0.046,0.887
-0.206,0.048,0.894
-0.223,0.054,0.875
-0.221,0.049,0.880
-0.223,0.054,0.884
-0.218,0.050,0.888
-0.217,0.062,0.899
-0.204,0.045,0.887
-0.220,0.036,0.894
-0.232,0.047,0.905
-0.221,0.047,0.887
-0.223,0.054,0.881
-0.208,0.035,0.887
-0.221,0.047,0.887
-0.217,0.050,0.879
-0.221,0.048,0.889
-0.220,0.049,0.876
-0.204,0.060,0.884
-0.221,0.048,0.899
-0.221,0.051,0.891
-0.227,0.050,0.884
-0.206,0.052,0.889
-0.214,0.047,0.877
-0.229,0.053,0.880
-0.217,0.048,0.884
-0.224,0.048,0.877
-0.225,0.045,0.886
-0.225,0.051,0.884
