0.171,1.085,-0.102
0.599,0.756,-0.085
0.025,0.800,0.088
-0.263,0.541,-0.537
0.239,0.628,0.025
0.304,1.207,-0.346
0.187,0.640,-0.156
0.062,1.094,0.044
0.252,0.339,-0.363
-0.029,0.989,-0.027
0.488,1.235,-0.115
-0.104,0.619,-0.248
-0.171,0.846,-0.529
0.189,0.636,0.122
0.155,1.417,-0.527
0.075,0.564,-0.124
-0.367,1.091,-1.173
0.092,0.848,-0.100
0.568,1.032,-0.064
0.098,0.623,-0.203
-0.363,1.949,0.033
0.300,0.805,-0.268
-0.061,1.156,-0.077
0.335,1.461,-0.022
0.173,0.801,0.056
0.418,1.338,-0.117
0.156,0.549,-0.077
0.738,1.050,-0.670
-0.005,0.666,-0.181
0.085,0.957,-0.116
0.261,0.574,-0.311
0.133,1.431,-0.058
0.151,0.832,-0.427
-0.123,1.183,-0.291
-0.153,1.347,-0.202
0.100,0.784,-0.071
-0.002,1.123,-0.636
0.044,0.502,-0.039
-0.387,0.840,-0.918
-0.028,0.925,-0.141
