-0.211,1.103,-0.153
0.053,0.997,-0.072
0.020,0.942,-0.120
-0.323,1.036,-0.146
0.357,0.872,-0.311
0.112,0.822,-0.020
0.187,1.090,-0.601
0.089,0.656,-0.256
0.005,1.192,-0.097
0.240,0.431,-0.312
0.249,1.371,-0.092
0.337,0.995,-0.270
-0.001,0.944,-0.303
-0.105,0.916,-0.450
0.109,0.741,-0.063
0.017,1.346,-0.521
0.076,0.536,-0.089
-0.125,1.049,-0.814
0.173,0.813,-0.131
0.144,0.861,-0.138
0.131,0.500,-0.204
-0.051,1.558,0.063
0.171,0.612,-0.388
0.113,0.985,-0.101
0.783,1.565,0.049
0.092,0.860,-0.053
0.022,0.906,-0.469
0.200,0.677,0.052
-0.265,1.725,-0.281
0.044,0.630,-0.139
-0.432,1.163,-0.914
0.066,0.946,-0.094
0.419,1.063,-0.098
-0.037,0.593,-0.353
-0.084,1.541,-0.024
0.138,0.991,-0.261
0.157,1.081,-0.166
0.790,1.292,-0.018
0.077,0.770,-0.136
0.491,0.988,-0.224
