-0.083,1.004,-0.401
0.102,0.742,0.014
0.204,0.944,-0.368
0.035,0.746,-0.121
-0.036,1.066,-0.051
0.288,0.622,-0.238
0.152,1.238,-0.121
0.354,1.278,-0.124
0.001,0.696,0.024
0.096,1.516,-0.114
0.229,0.643,-0.137
0.671,1.035,0.001
-0.036,0.640,-0.355
0.147,1.594,-0.078
-0.172,1.355,-0.307
0.089,0.824,0.003
-0.294,1.482,-0.476
-0.077,0.640,-0.195
0.051,1.372,-0.143
0.145,0.709,-0.255
0.002,1.237,-0.192
0.372,1.385,-0.118
0.028,0.767,0.058
0.190,0.972,-0.927
0.213,0.898,-0.176
0.511,1.470,-0.031
0.188,0.973,-0.299
-0.198,1.020,-0.202
0.338,0.779,-0.276
0.086,0.819,-0.161
0.717,1.192,-0.094
0.118,0.771,-0.343
0.157,1.517,0.054
0.199,0.861,-0.245
0.097,1.023,-0.069
0.221,1.194,-0.232
0.007,0.636,-0.000
0.072,1.257,-0.391
0.222,0.816,-0.070
0.583,1.219,-0.292
