0.119,0.976,-0.271
0.122,0.953,-0.287
0.125,0.968,-0.295
0.145,0.964,-0.299
0.132,0.982,-0.282
0.126,0.950,-0.322
0.137,0.967,-0.309
0.135,0.961,-0.337
0.148,0.960,-0.317
0.150,0.957,-0.321
0.131,0.966,-0.325
0.128,0.962,-0.316
0.133,0.959,-0.320
0.127,0.942,-0.315
0.125,0.964,-0.325
0.123,0.955,-0.324
0.136,0.966,-0.314
0.138,0.964,-0.317
0.113,0.973,-0.311
0.118,0.960,-0.324
0.137,0.967,-0.318
0.129,0.982,-0.314
0.134,0.964,-0.314
0.144,0.978,-0.311
0.138,0.960,-0.308
0.127,0.962,-0.312
0.131,0.955,-0.297
0.130,0.962,-0.315
0.156,0.961,-0.312
0.116,0.944,-0.303
0.144,0.965,-0.313
0.131,0.962,-0.317
0.125,0.977,-0.303
0.125,0.956,-0.321
0.145,0.966,-0.315
0.148,0.972,-0.307
0.140,0.960,-0.315
0.134,0.967,-0.313
0.137,0.960,-0.324
0.124,0.964,-0.317
