0.143,0.927,-0.405
0.196,1.230,-0.266
0.258,1.017,-0.287
0.192,0.897,-0.388
0.315,0.951,-0.174
0.177,0.838,-0.405
0.104,0.854,-0.110
0.320,0.829,-0.297
0.200,1.061,-0.125
0.093,0.896,-0.309
0.125,0.982,-0.222
0.232,1.074,-0.274
0.342,1.047,-0.222
0.236,0.788,-0.278
0.218,1.108,-0.276
0.221,1.350,-0.515
0.269,1.040,-0.264
0.352,0.989,-0.442
-0.136,0.799,-0.593
0.085,1.113,-0.232
0.168,1.040,-0.186
0.334,0.916,-0.231
0.168,0.917,-0.422
0.145,1.340,-0.282
0.093,0.845,-0.305
0.203,0.806,-0.350
0.029,1.175,-0.433
-0.090,0.818,-0.403
0.007,1.293,-0.474
0.451,0.866,-0.177
0.103,1.153,-0.246
0.132,0.995,-0.210
0.149,1.006,-0.251
0.224,0.978,-0.162
0.079,0.919,-0.288
0.157,0.936,-0.466
0.229,0.981,-0.382
0.306,0.950,-0.387
0.219,0.977,-0.182
0.124,0.993,-0.181
3
