-0.213,1.042,-0.380
0.365,1.196,-0.240
0.093,1.021,-0.338
0.007,1.252,-0.361
0.291,1.167,-0.419
-0.071,1.223,-0.390
0.062,1.179,-0.474
0.013,0.976,-0.336
-0.038,0.806,-0.479
0.255,0.843,-0.226
0.142,0.980,-0.363
-0.152,0.901,-0.360
0.042,0.816,-0.426
0.353,1.440,-0.456
0.023,0.694,-0.367
0.325,0.718,-0.240
0.197,0.970,-0.182
0.112,0.721,-0.334
-0.283,0.915,-0.364
-0.500,1.673,-0.424
0.198,1.270,-0.390
0.135,1.214,-0.265
0.283,0.778,-0.306
0.147,0.837,-0.113
0.156,0.906,-0.336
-0.180,0.914,-0.338
0.282,0.768,-0.456
0.263,1.176,-0.332
0.128,1.875,-0.301
0.417,1.204,-0.351
-0.125,0.634,-0.420
0.153,0.799,-0.351
0.128,0.663,-0.487
0.330,0.736,-0.247
0.221,1.270,-0.315
0.286,0.840,-0.440
-0.221,1.189,-0.366
-0.518,1.884,-0.347
0.150,0.902,-0.173
0.106,1.202,-0.480
