0.287,1.300,-0.175
0.185,0.849,-0.063
-0.146,1.307,-0.279
0.400,0.690,-0.233
0.054,1.032,-0.124
0.397,1.209,-0.224
-0.141,0.809,-0.084
-0.020,0.608,-0.586
0.081,0.833,-0.111
0.237,1.061,-0.665
0.212,0.825,-0.188
0.213,1.266,0.287
0.354,0.475,-0.311
0.116,1.521,-0.046
0.168,0.716,-0.354
0.049,0.963,-0.146
-0.036,0.529,-0.363
0.094,0.672,-0.150
-0.180,1.346,-0.567
0.213,0.602,0.122
0.491,1.092,-0.322
0.189,0.391,0.010
-0.134,1.532,-0.487
-0.034,0.635,-0.108
0.082,1.492,-0.242
0.173,0.670,-0.065
0.066,0.818,-0.603
0.040,0.547,-0.120
-0.192,1.278,-0.856
0.031,0.796,-0.192
0.804,1.192,0.079
-0.008,0.632,-0.185
0.135,1.396,0.343
0.226,0.458,-0.286
0.607,1.431,0.108
0.088,0.625,-0.394
0.377,1.355,-0.092
0.115,1.142,-0.267
0.241,1.056,-0.065
0.240,1.116,-0.334
