-0.206,0.057,0.882
-0.222,0.057,0.884
-0.234,0.035,0.898
-0.221,0.062,0.880
-0.214,0.051,0.880
-0.222,0.050,0.876
-0.218,0.046,0.900
-0.224,0.045,0.881
-0.223,0.050,0.878
-0.219,0.045,0.893
-0.223,0.060,0.889
-0.232,0.052,0.886
-0.226,0.055,0.877
-0.219,0.054,0.887
-0.214,0.031,0.875
-0.203,0.053,0.903
-0.220,0.048,0.886
-0.229,0.053,0.882
-0.223,0.050,0.879
-0.224,0.048,0.884
-0.222,0.048,0.882
-0.215,0.052,0.885
-0.224,0.050,0.889
-0.233,0.052,0.890
-0.222,0.047,0.889
-0.221,0.050,0.876
-0.219,0.050,0.899
-0.207,0.051,0.890
-0.222,0.047,0.887
-0.221,0.054,0.881
-0.225,0.049,0.882
-0.221,0.060,0.893
-0.216,0.047,0.883
-0.224,0.055,0.885
-0.220,0.052,0.890
-0.219,0.052,0.901
-0.221,0.050,0.887
-0.232,0.053,0.894
-0.220,0.034,0.885
-0.221,0.049,0.883
