-0.171,0.940,-0.215
-0.056,1.102,-0.559
-0.070,0.586,-0.209
0.083,1.139,-0.298
0.329,0.604,-0.184
0.484,1.654,0.144
-0.075,0.936,-0.448
0.542,1.126,0.158
0.106,1.188,-0.249
0.064,0.835,-0.150
0.288,1.131,-0.137
-0.140,0.740,-0.103
0.381,1.106,-0.257
0.160,0.539,-0.039
0.530,1.154,-0.468
0.209,0.728,-0.040
-0.083,1.285,0.300
0.064,0.832,-0.220
0.021,1.461,-0.088
0.381,1.158,-0.152
-0.004,0.919,-0.146
0.218,0.900,-0.439
0.152,0.712,0.005
0.380,1.339,-0.427
0.080,0.747,-0.140
-0.064,1.408,0.031
0.177,0.563,-0.312
-0.110,1.665,-0.012
0.378,0.965,-0.144
0.170,0.895,0.051
0.005,0.836,-0.450
0.187,0.603,0.025
-0.243,1.408,-0.347
-0.052,0.620,-0.129
-0.219,0.921,-1.101
0.085,0.840,-0.111
0.425,1.145,-0.282
-0.107,0.586,-0.226
0.079,1.220,0.187
0.341,0.490,-0.287
