-0.057,0.058,0.934
-0.061,0.055,0.936
-0.048,0.056,0.925
-0.061,0.057,0.934
-0.047,0.053,0.933
-0.063,0.058,0.936
-0.048,0.052,0.936
-0.057,0.061,0.935
-0.062,0.057,0.926
-0.056,0.056,0.949
-0.053,0.076,0.931
-0.057,0.058,0.913
-0.034,0.048,0.935
-0.052,0.047,0.914
-0.057,0.058,0.936
-0.076,0.053,0.949
-0.057,0.051,0.932
-0.056,0.060,0.931
-0.062,0.062,0.929
-0.053,0.053,0.928
-0.063,0.054,0.928
-0.056,0.057,0.936
-0.061,0.052,0.938
-0.054,0.052,0.928
-0.062,0.062,0.934
-0.058,0.062,0.932
-0.050,0.053,0.933
-0.047,0.055,0.930
-0.055,0.059,0.939
-0.032,0.057,0.935
-0.057,0.052,0.940
-0.062,0.052,0.934
-0.054,0.059,0.931
-0.064,0.057,0.931
-0.057,0.056,0.929
-0.061,0.055,0.926
-0.054,0.060,0.929
-0.061,0.051,0.933
-0.032,0.062,0.929
-0.050,0.053,0.934
