0.078,1.104,-0.276
-0.284,0.964,-0.232
-0.084,0.977,-0.240
-0.076,0.994,-0.156
0.014,1.416,-0.625
0.320,0.841,-0.203
0.357,1.004,-0.165
0.443,1.318,-0.090
0.041,0.768,-0.004
0.279,1.214,-0.118
0.129,0.804,-0.090
0.593,1.229,-0.440
0.094,0.715,-0.097
0.303,1.119,-0.009
0.319,0.502,-0.356
0.354,1.672,0.014
0.048,0.834,-0.441
0.046,0.830,-0.241
-0.088,1.088,-0.407
0.160,0.721,-0.019
0.026,1.507,-0.369
-0.010,0.688,-0.031
-0.029,1.559,-0.534
0.326,0.804,-0.255
0.417,1.101,-0.250
0.143,0.798,-0.186
-0.279,1.547,-0.105
0.250,0.533,-0.317
0.146,1.286,-0.124
0.324,1.125,-0.306
-0.105,0.888,-0.238
-0.260,0.759,-0.568
0.214,0.675,0.049
-0.235,1.511,-0.419
0.063,0.679,-0.123
-0.121,0.997,-0.726
0.125,0.804,-0.108
0.502,0.909,-0.212
-0.048,0.724,-0.190
0.071,1.600,0.149
