0.398,1.335,-0.124
-0.012,0.796,-0.250
0.162,1.482,0.017
-0.144,0.940,-0.317
-0.024,0.901,-0.157
-0.098,0.826,-0.605
0.038,0.655,-0.013
-0.140,1.289,-0.668
0.104,0.926,-0.171
0.265,1.370,0.114
0.056,0.706,-0.392
-0.048,0.984,-0.189
0.046,1.304,-0.374
0.102,0.746,-0.071
0.511,0.976,-0.630
0.084,0.802,-0.160
-0.057,1.186,0.026
0.248,0.603,-0.252
-0.041,0.964,-0.107
0.341,1.154,-0.129
0.006,0.711,-0.005
-0.011,0.950,-0.689
0.075,1.024,-0.165
0.304,1.066,-0.124
0.052,0.675,-0.293
0.073,1.332,-0.111
-0.291,1.248,-0.333
0.068,0.949,-0.028
-0.125,1.361,-0.393
-0.141,0.726,-0.185
-0.289,1.402,-0.415
0.221,0.692,-0.104
0.205,1.299,0.040
0.146,0.609,-0.316
-0.224,0.995,-0.305
-0.263,0.965,-0.447
0.161,0.826,0.051
-0.002,1.331,-0.304
-0.125,0.702,-0.220
0.096,1.210,-0.089
