0.140,0.967,-0.314
0.131,0.967,-0.325
0.129,0.976,-0.318
0.131,0.957,-0.315
0.115,0.963,-0.309
0.131,0.968,-0.313
0.152,0.960,-0.306
0.122,0.967,-0.314
0.135,0.969,-0.303
0.129,0.964,-0.304
0.138,0.956,-0.308
0.109,0.961,-0.291
0.109,0.955,-0.316
0.128,0.969,-0.322
0.119,0.963,-0.307
0.124,0.967,-0.304
0.128,0.963,-0.307
0.130,0.965,-0.308
0.125,0.966,-0.316
0.131,0.959,-0.307
0.129,0.964,-0.313
0.125,0.970,-0.306
0.125,0.971,-0.313
0.138,0.983,-0.319
0.125,0.957,-0.299
0.127,0.972,-0.316
0.126,0.961,-0.298
0.125,0.960,-0.319
0.129,0.980,-0.306
0.121,0.946,-0.304
0.150,0.997,-0.327
0.159,0.965,-0.304
0.148,0.959,-0.303
0.139,0.971,-0.320
0.163,0.958,-0.306
0.144,0.962,-0.329
0.135,0.955,-0.331
0.123,0.958,-0.318
0.125,0.964,-0.338
0.137,0.954,-0.328
