0.135,0.970,-0.317
0.121,0.954,-0.318
0.137,0.963,-0.337
0.151,0.956,-0.312
0.135,0.963,-0.311
0.136,0.959,-0.311
0.148,0.957,-0.310
0.144,0.972,-0.317
0.128,0.971,-0.323
0.141,0.958,-0.325
0.127,0.964,-0.324
0.105,0.962,-0.333
0.134,0.964,-0.319
0.120,0.982,-0.311
0.135,0.964,-0.300
0.133,0.968,-0.305
0.116,0.963,-0.302
0.134,0.971,-0.305
0.107,0.978,-0.310
0.149,0.953,-0.306
0.142,0.977,-0.328
0.137,0.966,-0.300
0.116,0.979,-0.315
0.128,0.980,-0.310
0.132,0.970,-0.282
0.135,0.969,-0.306
0.156,0.968,-0.289
0.144,0.968,-0.302
0.131,0.978,-0.305
0.125,0.962,-0.313
0.119,0.983,-0.328
0.126,0.954,-0.321
0.141,0.958,-0.325
0.139,0.961,-0.320
0.134,0.960,-0.325
0.121,0.938,-0.317
0.136,0.966,-0.299
0.113,0.965,-0.329
0.142,0.956,-0.320
0.145,0.964,-0.297
