-0.226,0.050,0.882
-0.220,0.052,0.880
-0.227,0.062,0.882
-0.223,0.055,0.887
-0.229,0.050,0.876
-0.224,0.050,0.884
-0.218,0.047,0.880
-0.224,0.056,0.883
-0.221,0.048,0.891
-0.226,0.047,0.873
-0.225,0.052,0.882
-0.219,0.059,0.878
-0.225,0.049,0.883
-0.229,0.043,0.894
-0.226,0.056,0.883
-0.230,0.053,0.879
-0.224,0.057,0.876
-0.225,0.044,0.879
-0.229,0.051,0.881
-0.227,0.050,0.880
-0.216,0.058,0.887
-0.229,0.055,0.876
-0.224,0.053,0.888
-0.225,0.054,0.882
-0.227,0.043,0.885
-0.230,0.049,0.889
-0.221,0.035,0.882
-0.223,0.049,0.887
-0.224,0.049,0.880
-0.224,0.046,0.885
-0.220,0.052,0.880
-0.224,0.053,0.890
-0.220,0.062,0.889
-0.223,0.053,0.893
-0.224,0.051,0.885
-0.222,0.053,0.886
-0.219,0.062,0.886
-0.222,0.052,0.877
-0.221,0.046,0.878
-0.220,0.048,0.883
