0.065,0.992,-0.074
0.088,0.989,-0.091
0.083,0.982,-0.077
0.071,0.984,-0.073
0.084,0.988,-0.074
0.078,0.991,-0.075
0.078,0.990,-0.085
0.077,0.994,-0.065
0.084,0.988,-0.084
0.073,0.990,-0.065
0.078,0.990,-0.063
0.072,0.990,-0.076
0.074,0.990,-0.073
0.105,0.984,-0.078
0.093,0.988,-0.070
0.085,0.991,-0.074
0.081,0.987,-0.075
0.075,0.990,-0.070
0.085,0.990,-0.064
0.067,0.989,-0.073
0.079,0.995,-0.073
0.068,0.994,-0.068
0.072,0.988,-0.071
0.075,0.999,-0.063
0.087,0.982,-0.070
0.084,0.989,-0.077
0.071,0.990,-0.064
0.089,0.995,-0.080
0.078,0.991,-0.068
0.090,0.992,-0.071
0.086,0.991,-0.072
0.074,0.987,-0.071
0.073,0.991,-0.093
0.080,0.991,-0.071
0.072,0.988,-0.081
0.089,0.990,-0.072
0.077,0.988,-0.073
0.089,0.987,-0.072
0.072,0.992,-0.068
0.083,0.987,-0.077
