0.137,0.962,-0.320
0.129,0.953,-0.319
0.120,0.964,-0.324
0.128,0.963,-0.316
0.133,0.963,-0.321
0.115,0.965,-0.315
0.128,0.965,-0.318
0.140,0.938,-0.330
0.128,0.952,-0.341
0.146,0.962,-0.321
0.139,0.956,-0.333
0.132,0.966,-0.331
0.129,0.960,-0.333
0.127,0.956,-0.332
0.133,0.984,-0.329
0.124,0.954,-0.335
0.136,0.959,-0.331
0.138,0.963,-0.330
0.133,0.962,-0.344
0.137,0.940,-0.326
0.118,0.960,-0.355
0.129,0.960,-0.335
0.145,0.960,-0.332
0.127,0.968,-0.334
0.130,0.953,-0.335
0.135,0.961,-0.330
0.140,0.963,-0.339
0.135,0.957,-0.331
0.113,0.965,-0.335
0.133,0.958,-0.328
0.127,0.960,-0.323
0.136,0.964,-0.340
0.130,0.965,-0.334
0.139,0.960,-0.340
0.139,0.957,-0.334
0.131,0.955,-0.340
0.133,0.961,-0.323
0.135,0.956,-0.316
0.132,0.956,-0.318
0.128,0.955,-0.329
