0.082,0.993,-0.072
0.071,0.990,-0.070
0.088,0.994,-0.076
0.075,0.986,-0.069
0.088,0.985,-0.079
0.073,0.992,-0.085
0.077,0.991,-0.076
0.084,0.990,-0.072
0.073,0.986,-0.069
0.075,0.991,-0.090
0.071,0.969,-0.073
0.072,0.988,-0.070
0.073,0.989,-0.073
0.069,0.990,-0.072
0.093,0.984,-0.064
0.070,0.993,-0.074
0.091,0.987,-0.085
0.081,0.988,-0.064
0.077,0.985,-0.074
0.087,0.989,-0.073
0.092,0.996,-0.073
0.072,0.981,-0.089
0.085,0.990,-0.051
0.083,0.991,-0.079
0.088,0.993,-0.072
0.084,0.990,-0.069
0.070,0.988,-0.067
0.070,0.992,-0.071
0.080,1.000,-0.077
0.086,0.983,-0.076
0.064,0.985,-0.077
0.082,0.992,-0.069
0.083,0.991,-0.081
0.085,0.989,-0.073
0.077,0.985,-0.076
0.085,0.991,-0.074
0.079,0.995,-0.065
0.067,0.987,-0.079
0.066,0.987,-0.068
0.079,0.992,-0.077
