0.088,0.984,-0.075
0.065,0.994,-0.076
0.087,0.988,-0.074
0.073,0.991,-0.066
0.082,0.995,-0.067
0.093,0.993,-0.069
0.089,0.992,-0.073
0.078,0.988,-0.067
0.083,0.987,-0.073
0.072,0.989,-0.074
0.090,0.992,-0.075
0.069,0.987,-0.068
0.074,0.989,-0.081
0.072,0.988,-0.065
0.085,0.988,-0.074
0.073,0.986,-0.068
0.087,0.989,-0.071
0.069,1.014,-0.073
0.083,0.999,-0.077
0.064,0.990,-0.075
0.083,0.988,-0.075
0.084,1.000,-0.067
0.087,0.994,-0.064
0.082,0.991,-0.073
0.079,0.988,-0.075
0.073,0.991,-0.066
0.083,0.964,-0.071
0.075,0.985,-0.077
0.082,0.985,-0.076
0.090,0.990,-0.067
0.068,0.991,-0.074
0.064,0.989,-0.064
0.071,0.990,-0.064
0.089,0.988,-0.072
0.067,0.994,-0.075
0.076,0.994,-0.073
0.075,0.990,-0.075
0.076,0.992,-0.077
0.080,0.990,-0.093
0.086,0.987,-0.091
