0.068,0.988,-0.074
0.077,0.996,-0.067
0.070,0.988,-0.074
0.072,0.988,-0.071
0.084,0.993,-0.075
0.084,0.990,-0.074
0.092,0.986,-0.076
0.069,0.989,-0.080
0.085,0.991,-0.062
0.082,0.989,-0.076
0.080,0.992,-0.078
0.083,0.994,-0.072
0.078,0.991,-0.089
0.070,0.988,-0.083
0.064,0.989,-0.081
0.082,0.989,-0.083
0.077,0.989,-0.077
0.064,0.990,-0.074
0.084,0.985,-0.074
0.073,0.994,-0.065
0.091,0.986,-0.079
0.091,0.988,-0.086
0.068,0.991,-0.071
0.073,0.994,-0.076
0.073,0.987,-0.076
0.091,0.989,-0.063
0.080,0.990,-0.071
0.083,0.999,-0.071
0.068,0.983,-0.077
0.077,0.985,-0.070
0.091,0.986,-0.073
0.068,0.988,-0.075
0.067,0.985,-0.070
0.092,0.989,-0.077
0.064,0.994,-0.084
0.088,0.989,-0.079
0.078,0.995,-0.077
0.092,0.989,-0.078
0.084,0.993,-0.076
0.079,0.987,-0.078
