0.087,0.987,-0.077
0.074,0.998,-0.071
0.079,0.991,-0.077
0.076,0.990,-0.068
0.087,0.990,-0.076
0.076,0.990,-0.076
0.069,0.995,-0.074
0.087,0.989,-0.089
0.085,0.991,-0.076
0.078,0.994,-0.094
0.093,0.987,-0.076
0.066,0.990,-0.071
0.092,0.993,-0.073
0.087,0.992,-0.071
0.090,0.989,-0.085
0.094,0.991,-0.078
0.083,0.987,-0.064
0.068,0.970,-0.084
0.069,0.994,-0.074
0.081,0.991,-0.067
0.066,0.990,-0.078
0.086,0.984,-0.072
0.083,0.988,-0.078
0.066,0.992,-0.067
0.091,0.987,-0.079
0.065,0.998,-0.085
0.079,0.989,-0.066
0.077,0.970,-0.093
0.070,0.981,-0.076
0.074,0.974,-0.063
0.073,0.986,-0.067
0.089,0.995,-0.078
0.080,0.988,-0.071
0.079,0.984,-0.067
0.091,0.984,-0.074
0.082,0.985,-0.078
0.070,0.990,-0.071
0.091,0.988,-0.074
0.083,0.994,-0.066
0.079,0.988,-0.066
