0.083,0.987,-0.068
0.082,0.995,-0.093
0.081,0.993,-0.071
0.086,0.987,-0.068
0.091,0.979,-0.073
0.078,0.990,-0.093
0.080,0.979,-0.076
0.067,0.991,-0.085
0.085,0.987,-0.072
0.063,1.000,-0.077
0.073,0.991,-0.071
0.079,0.988,-0.078
0.074,1.000,-0.080
0.065,0.994,-0.074
0.085,0.986,-0.083
0.075,0.974,-0.074
0.089,0.997,-0.076
0.076,0.998,-0.081
0.077,0.994,-0.073
0.081,0.986,-0.086
0.085,0.992,-0.066
0.094,0.987,-0.069
0.077,0.984,-0.070
0.081,0.989,-0.074
0.080,1.000,-0.072
0.081,0.989,-0.075
0.091,0.989,-0.071
0.089,0.986,-0.063
0.086,0.989,-0.085
0.079,0.989,-0.074
0.071,0.970,-0.064
0.082,0.989,-0.074
0.065,0.990,-0.074
0.090,0.990,-0.073
0.090,0.994,-0.072
0.073,0.988,-0.083
0.093,0.991,-0.074
0.093,0.984,-0.071
0.081,0.988,-0.070
0.074,0.997,-0.088
