0.088,0.990,-0.080
0.071,0.990,-0.088
0.084,0.993,-0.076
0.076,0.983,-0.070
0.067,0.986,-0.069
0.071,0.980,-0.070
0.077,0.990,-0.069
0.089,0.990,-0.088
0.066,0.973,-0.070
0.070,0.987,-0.073
0.080,0.992,-0.065
0.089,0.994,-0.075
0.076,0.989,-0.075
0.088,0.993,-0.071
0.070,0.984,-0.079
0.083,0.984,-0.075
0.063,0.996,-0.074
0.093,0.985,-0.069
0.071,0.995,-0.050
0.085,0.987,-0.075
0.090,0.987,-0.093
0.083,0.980,-0.068
0.086,0.986,-0.075
0.066,0.988,-0.069
0.075,0.990,-0.071
0.068,0.991,-0.073
0.081,0.991,-0.069
0.082,0.989,-0.073
0.077,0.993,-0.077
0.068,0.985,-0.071
0.080,0.996,-0.075
0.087,0.993,-0.072
0.090,0.997,-0.080
0.070,0.993,-0.084
0.079,0.991,-0.074
0.091,0.992,-0.070
0.092,0.988,-0.070
0.077,0.988,-0.071
0.068,0.986,-0.068
0.080,0.995,-0.062
