0.086,0.989,-0.069
0.080,0.991,-0.070
0.075,0.989,-0.076
0.088,0.987,-0.090
0.069,0.990,-0.063
0.082,0.995,-0.077
0.076,0.990,-0.078
0.079,0.989,-0.085
0.076,0.989,-0.073
0.092,0.975,-0.072
0.089,0.987,-0.088
0.083,0.992,-0.086
0.085,0.992,-0.069
0.084,0.988,-0.072
0.077,0.970,-0.063
0.078,0.992,-0.091
0.080,0.992,-0.076
0.086,0.990,-0.084
0.084,0.994,-0.077
0.082,0.992,-0.083
0.066,0.986,-0.056
0.092,0.998,-0.074
0.084,0.992,-0.078
0.089,0.995,-0.076
0.077,0.993,-0.074
0.079,0.999,-0.078
0.075,0.987,-0.064
0.083,0.986,-0.068
0.075,0.982,-0.064
0.083,0.994,-0.076
0.083,0.988,-0.093
0.088,0.986,-0.063
0.063,0.984,-0.077
0.066,0.985,-0.065
0.071,0.991,-0.077
0.067,0.987,-0.068
0.076,0.992,-0.063
0.093,0.988,-0.063
0.080,0.990,-0.072
0.079,0.987,-0.074
