0.130,0.956,-0.301
0.111,0.964,-0.317
0.120,0.963,-0.327
0.150,0.960,-0.320
0.133,0.964,-0.310
0.129,0.962,-0.299
0.129,0.963,-0.303
0.137,0.984,-0.308
0.132,0.961,-0.308
0.112,0.964,-0.310
0.155,0.958,-0.314
0.136,0.958,-0.298
0.136,0.959,-0.324
0.131,0.960,-0.306
0.137,0.984,-0.307
0.134,0.984,-0.312
0.127,0.961,-0.296
0.136,0.962,-0.308
0.144,0.966,-0.298
0.124,0.960,-0.310
0.135,0.962,-0.310
0.137,0.964,-0.327
0.133,0.961,-0.302
0.148,0.960,-0.309
0.134,0.971,-0.304
0.133,0.966,-0.324
0.127,0.963,-0.309
0.134,0.972,-0.301
0.139,0.968,-0.301
0.125,0.963,-0.298
0.132,0.963,-0.302
0.115,0.961,-0.294
0.134,0.984,-0.309
0.117,0.954,-0.304
0.124,0.954,-0.299
0.118,0.950,-0.299
0.125,0.958,-0.300
0.138,0.966,-0.305
0.140,0.972,-0.320
0.133,0.957,-0.286
