0.080,0.987,-0.077
0.075,0.987,-0.073
0.088,0.990,-0.092
0.078,0.993,-0.084
0.078,0.996,-0.080
0.071,0.984,-0.094
0.067,0.990,-0.066
0.081,0.973,-0.068
0.081,0.985,-0.082
0.092,0.987,-0.083
0.090,0.992,-0.067
0.066,0.996,-0.085
0.085,0.999,-0.073
0.082,0.986,-0.067
0.067,0.988,-0.083
0.087,0.981,-0.076
0.066,0.987,-0.071
0.088,0.985,-0.079
0.073,0.991,-0.088
0.094,0.987,-0.086
0.090,0.988,-0.087
0.072,0.990,-0.078
0.082,1.000,-0.063
0.084,0.983,-0.078
0.078,0.997,-0.075
0.083,0.986,-0.076
0.092,0.986,-0.066
0.081,0.996,-0.080
0.082,0.989,-0.087
0.081,0.989,-0.079
0.085,0.991,-0.067
0.072,0.994,-0.092
0.084,0.992,-0.077
0.092,0.990,-0.083
0.064,0.990,-0.076
0.081,0.985,-0.074
0.083,0.986,-0.071
0.076,0.989,-0.079
0.093,0.991,-0.078
0.075,0.991,-0.063
