0.078,0.990,-0.073
0.070,0.974,-0.085
0.087,0.988,-0.069
0.083,0.986,-0.076
0.083,0.990,-0.075
0.093,0.987,-0.075
0.077,0.989,-0.077
0.089,0.985,-0.068
0.086,0.989,-0.063
0.089,0.991,-0.082
0.089,0.993,-0.075
0.078,0.990,-0.065
0.079,0.988,-0.069
0.088,0.989,-0.070
0.083,0.994,-0.076
0.090,0.997,-0.076
0.073,0.993,-0.083
0.085,0.989,-0.070
0.087,0.990,-0.070
0.067,0.993,-0.073
0.080,0.987,-0.071
0.089,0.972,-0.079
0.080,0.990,-0.075
0.072,0.985,-0.072
0.083,0.994,-0.077
0.079,0.990,-0.072
0.071,0.982,-0.070
0.080,0.985,-0.083
0.078,0.989,-0.089
0.073,0.992,-0.079
0.082,0.995,-0.065
0.077,0.987,-0.069
0.083,0.985,-0.088
0.075,0.991,-0.073
0.092,0.984,-0.074
0.069,0.987,-0.075
0.073,0.995,-0.068
0.077,0.990,-0.071
0.069,0.996,-0.066
0.081,0.988,-0.067
