0.076,0.987,-0.081
0.091,0.991,-0.075
0.093,0.991,-0.073
0.083,0.990,-0.071
0.076,0.994,-0.078
0.091,0.991,-0.089
0.078,0.989,-0.087
0.083,0.985,-0.063
0.093,0.988,-0.093
0.076,0.988,-0.084
0.063,0.994,-0.075
0.090,0.990,-0.083
0.068,0.999,-0.078
0.078,0.989,-0.069
0.084,0.984,-0.090
0.066,0.990,-0.080
0.085,0.987,-0.079
0.071,0.987,-0.068
0.078,0.988,-0.073
0.071,0.992,-0.084
0.075,0.990,-0.068
0.082,0.995,-0.075
0.071,0.971,-0.065
0.084,0.990,-0.063
0.078,0.996,-0.080
0.084,1.000,-0.076
0.068,0.991,-0.075
0.086,0.993,-0.094
0.068,0.974,-0.079
0.073,0.987,-0.077
0.075,0.988,-0.076
0.063,0.994,-0.074
0.066,0.989,-0.086
0.067,0.972,-0.075
0.082,0.982,-0.077
0.084,0.987,-0.077
0.081,0.985,-0.063
0.071,0.986,-0.075
0.092,0.991,-0.078
0.084,0.993,-0.067
