0.074,0.986,-0.070
0.065,0.987,-0.068
0.085,0.988,-0.073
0.089,0.996,-0.080
0.079,0.991,-0.074
0.093,0.990,-0.072
0.090,0.970,-0.064
0.073,0.993,-0.070
0.094,0.989,-0.075
0.082,0.985,-0.077
0.085,0.997,-0.062
0.090,0.989,-0.084
0.075,0.990,-0.075
0.074,0.990,-0.070
0.085,0.990,-0.067
0.087,0.987,-0.066
0.077,0.991,-0.076
0.081,0.991,-0.073
0.087,0.985,-0.070
0.085,0.991,-0.072
0.078,0.993,-0.069
0.087,0.985,-0.072
0.087,0.989,-0.072
0.081,0.995,-0.073
0.091,0.994,-0.064
0.082,0.988,-0.070
0.087,0.991,-0.063
0.074,0.987,-0.066
0.071,0.974,-0.071
0.066,0.990,-0.064
0.077,0.987,-0.073
0.083,0.999,-0.077
0.069,0.983,-0.069
0.077,0.996,-0.064
0.079,0.996,-0.063
0.067,0.987,-0.067
0.071,0.999,-0.071
0.077,0.990,-0.078
0.083,0.989,-0.076
0.091,0.995,-0.091
