0.127,0.968,-0.315
0.133,0.964,-0.299
0.129,0.963,-0.309
0.130,0.956,-0.313
0.129,0.964,-0.305
0.141,0.968,-0.324
0.136,0.984,-0.313
0.131,0.972,-0.317
0.126,0.953,-0.319
0.147,0.964,-0.313
0.127,0.956,-0.303
0.129,0.965,-0.326
0.135,0.958,-0.321
0.139,0.955,-0.329
0.137,0.959,-0.327
0.127,0.964,-0.316
0.140,0.966,-0.316
0.133,0.959,-0.327
0.129,0.974,-0.302
0.136,0.960,-0.304
0.123,0.965,-0.314
0.139,0.960,-0.324
0.129,0.965,-0.320
0.143,0.961,-0.318
0.128,0.966,-0.319
0.123,0.962,-0.343
0.137,0.955,-0.323
0.150,0.956,-0.323
0.145,0.958,-0.319
0.146,0.958,-0.322
0.135,0.958,-0.326
0.138,0.983,-0.319
0.133,0.962,-0.313
0.119,0.957,-0.325
0.126,0.938,-0.338
0.136,0.959,-0.337
0.138,0.960,-0.327
0.137,0.960,-0.325
0.115,0.963,-0.324
0.130,0.971,-0.334
