0.089,0.990,-0.074
0.092,0.993,-0.078
0.082,0.989,-0.071
0.072,0.989,-0.075
0.078,0.990,-0.065
0.083,0.989,-0.076
0.093,0.988,-0.070
0.073,0.989,-0.068
0.075,0.991,-0.071
0.071,0.989,-0.072
0.083,0.974,-0.078
0.079,0.990,-0.063
0.070,0.990,-0.083
0.086,0.995,-0.080
0.063,0.990,-0.082
0.083,0.984,-0.078
0.083,0.987,-0.087
0.079,0.986,-0.077
0.094,0.990,-0.066
0.088,0.988,-0.073
0.070,0.989,-0.069
0.089,0.991,-0.074
0.067,0.990,-0.073
0.066,0.989,-0.073
0.072,0.989,-0.076
0.089,0.995,-0.077
0.079,0.991,-0.090
0.070,0.986,-0.074
0.072,0.992,-0.071
0.080,0.991,-0.067
0.075,0.991,-0.075
0.081,0.999,-0.075
0.063,0.999,-0.071
0.085,0.999,-0.077
0.065,0.995,-0.077
0.091,0.985,-0.082
0.076,0.991,-0.082
0.068,0.986,-0.069
0.064,0.993,-0.081
0.076,0.986,-0.079
