0.085,0.990,-0.068
0.092,0.989,-0.065
0.087,0.988,-0.083
0.084,0.984,-0.078
0.084,0.999,-0.081
0.081,0.990,-0.074
0.092,0.989,-0.068
0.072,0.989,-0.072
0.079,0.986,-0.077
0.075,0.988,-0.077
0.073,0.992,-0.085
0.085,0.990,-0.063
0.068,0.988,-0.078
0.079,0.987,-0.085
0.067,1.000,-0.089
0.085,0.987,-0.075
0.072,0.985,-0.073
0.081,0.988,-0.065
0.072,0.990,-0.089
0.083,0.993,-0.071
0.087,0.983,-0.080
0.092,0.985,-0.075
0.077,0.992,-0.073
0.103,0.999,-0.091
0.083,0.982,-0.091
0.078,0.994,-0.077
0.073,0.991,-0.081
0.080,0.993,-0.065
0.085,0.990,-0.082
0.082,0.994,-0.076
0.065,0.988,-0.074
0.078,0.977,-0.073
0.072,0.992,-0.078
0.081,0.993,-0.068
0.084,0.984,-0.075
0.085,0.995,-0.078
0.091,0.990,-0.074
0.081,0.977,-0.075
0.076,0.987,-0.070
0.083,0.993,-0.074
