0.215,0.881,-0.215
0.048,0.952,-0.177
0.161,0.968,-0.221
0.250,1.117,-0.082
0.112,0.973,-0.283
0.099,0.986,-0.375
0.156,1.077,-0.442
0.142,0.836,-0.166
0.116,0.645,-0.241
0.051,0.821,-0.259
0.365,0.776,-0.199
-0.011,0.920,-0.223
0.320,0.920,-0.220
-0.012,0.678,-0.316
0.195,0.867,-0.278
0.069,0.856,-0.221
0.277,0.774,-0.175
-0.067,0.826,-0.198
0.092,1.207,-0.258
0.107,1.287,-0.448
0.056,1.141,-0.418
0.162,0.704,-0.308
0.137,0.958,-0.196
0.028,1.000,-0.190
0.234,1.139,-0.048
-0.056,0.923,-0.110
0.000,0.811,-0.206
0.410,0.640,-0.216
0.119,0.619,-0.214
0.135,0.865,-0.129
-0.129,0.909,-0.468
0.099,1.117,-0.205
0.092,1.067,-0.330
0.017,1.125,-0.418
0.146,0.852,-0.433
0.102,0.814,-0.389
0.240,0.930,-0.321
0.064,0.713,-0.326
0.209,1.020,-0.243
0.094,1.021,-0.371
