0.285,0.843,-0.331
-0.098,0.716,-0.468
0.205,0.898,-0.465
-0.215,0.969,-0.565
0.155,0.888,-0.509
0.112,0.904,-0.346
0.153,1.322,-0.275
0.278,0.980,-0.374
0.121,0.788,-0.302
0.203,1.100,-0.369
0.152,0.897,-0.360
0.017,1.058,-0.332
0.169,0.865,-0.344
0.050,0.801,-0.390
0.138,0.954,-0.445
-0.023,1.198,-0.367
0.272,1.116,-0.335
0.319,0.740,-0.274
0.154,1.034,-0.266
0.299,0.793,-0.282
-0.023,0.853,-0.331
0.041,0.938,-0.378
0.233,0.680,-0.258
0.052,0.916,-0.406
0.168,1.226,-0.540
0.200,1.049,-0.414
0.297,0.695,-0.159
0.167,1.022,-0.200
-0.222,0.984,-0.394
0.247,0.665,-0.326
0.039,1.139,-0.394
0.199,0.925,-0.352
-0.004,1.246,-0.216
0.007,1.056,-0.468
-0.131,0.986,-0.526
0.529,0.936,-0.374
-0.066,0.876,-0.535
0.363,1.013,-0.299
0.076,1.049,-0.207
0.041,1.341,-0.449

