0.212,0.993,-0.179
0.192,0.851,-0.285
0.179,0.996,-0.340
0.094,0.963,-0.394
0.135,0.906,-0.356
0.117,0.966,-0.385
0.151,1.018,-0.397
0.008,1.214,-0.212
0.117,1.061,-0.359
0.105,1.054,-0.348
0.406,0.833,-0.292
0.118,0.943,-0.287
0.110,0.841,-0.353
-0.236,1.113,-0.481
0.119,0.982,-0.308
0.123,0.910,-0.438
0.104,0.954,-0.387
0.018,0.916,-0.396
0.275,0.905,-0.303
0.083,0.880,-0.325
0.124,0.762,-0.464
0.208,1.171,-0.149
0.055,0.800,-0.361
0.188,0.819,-0.385
0.250,1.124,-0.306
0.194,0.928,-0.294
0.202,1.012,-0.368
0.231,1.065,-0.331
0.007,1.042,-0.336
0.131,1.005,-0.428
-0.020,0.863,-0.334
0.106,0.860,-0.359
0.336,0.986,-0.379
0.084,0.898,-0.323
-0.140,0.792,-0.470
0.109,1.020,-0.394
0.221,1.103,-0.465
0.041,0.906,-0.278
0.100,0.929,-0.375
0.241,0.871,-0.588
7
