0.079,1.094,-0.274
0.255,0.607,-0.134
0.243,0.730,-0.230
-0.228,1.021,-0.469
0.036,1.161,-0.523
0.161,0.773,-0.418
0.370,1.211,-0.195
0.195,0.999,-0.295
-0.076,0.819,-0.292
0.090,1.020,-0.369
0.280,1.223,-0.352
0.037,0.925,-0.374
0.180,0.931,-0.372
0.103,0.732,-0.256
-0.080,0.797,-0.367
0.019,0.627,-0.219
0.171,1.127,-0.360
-0.052,1.277,-0.486
0.210,0.689,-0.173
0.202,0.931,-0.308
0.154,0.901,-0.370
0.243,0.871,-0.356
0.153,0.848,-0.472
0.217,1.109,-0.190
0.156,1.112,-0.315
0.281,0.789,-0.260
0.052,0.750,-0.435
-0.078,1.001,-0.381
0.152,1.063,-0.376
0.161,1.068,-0.406
0.367,0.651,-0.193
0.236,1.003,-0.283
0.071,0.589,-0.311
0.175,0.821,-0.385
0.080,0.854,-0.308
0.177,0.814,-0.372
-0.076,0.748,-0.304
0.153,0.892,-0.322
-0.289,0.799,-0.296
0.099,1.238,-0.292
