0.250,0.658,0.081
0.516,1.825,0.141
0.151,0.647,-0.034
0.519,1.043,-0.365
0.187,0.764,-0.038
-0.374,1.178,-1.119
0.107,0.887,-0.122
0.593,1.153,-0.157
0.121,0.611,-0.156
0.042,1.279,-0.175
0.230,0.494,-0.342
0.689,1.470,0.156
0.122,0.716,-0.359
0.044,1.356,-0.299
-0.281,1.604,-0.312
0.164,0.831,-0.047
0.077,0.830,-0.648
0.045,0.573,-0.020
0.161,0.951,-0.322
0.186,0.761,-0.064
0.617,1.282,-0.540
0.169,0.702,-0.180
0.126,1.026,0.016
0.365,0.460,-0.252
0.083,1.488,-0.091
0.365,0.891,-0.242
-0.155,0.750,-0.406
0.224,0.949,-0.330
0.168,0.500,-0.069
0.584,1.015,-0.620
0.120,0.742,-0.132
0.289,0.862,0.056
0.251,0.440,-0.294
0.178,1.593,0.031
0.178,0.863,-0.361
-0.086,0.989,-0.262
-0.099,1.010,-0.431
0.240,0.686,0.063
0.088,1.094,-0.407
-0.132,0.646,-0.217
604,-0.264
