0.562,0.741,-0.487
0.495,0.999,-0.235
0.849,1.111,-0.506
-0.031,0.162,-0.457
0.230,1.297,-0.070
0.237,0.279,-0.293
0.468,1.399,-0.112
0.550,0.740,-0.438
0.291,1.219,-0.204
0.294,0.583,-0.472
0.502,1.317,-0.377
0.316,1.688,-0.790
0.159,0.829,-0.208
0.703,1.521,-0.393
0.255,0.537,-0.165
0.391,0.408,-0.688
0.177,0.631,-0.260
0.265,1.001,-0.541
0.454,0.662,-0.302
0.710,1.435,-0.517
0.007,0.237,-0.431
0.058,1.157,-0.387
0.450,0.240,-0.259
0.173,1.296,-0.045
0.174,0.688,-0.362
0.319,1.399,-0.186
0.066,0.679,-0.449
0.348,1.145,-0.265
0.250,0.856,-0.307
0.337,0.728,-0.151
0.497,1.722,-0.737
0.134,0.386,-0.097
0.518,0.128,-0.653
0.320,0.689,-0.221
0.635,1.287,-0.435
0.353,0.694,-0.203
0.519,1.829,-0.703
0.174,0.909,-0.286
0.201,1.448,-0.693
0.385,0.804,-0.268
