0.195,0.824,-0.316
0.241,1.039,-0.319
0.584,0.711,-0.382
0.385,0.819,-0.296
0.315,0.951,-0.219
0.247,0.476,-0.420
0.273,0.813,-0.376
0.187,1.047,-0.273
0.445,0.830,-0.406
0.356,0.894,-0.348
0.320,0.822,-0.321
0.305,0.917,-0.414
0.331,0.990,-0.403
0.279,0.906,-0.422
0.217,0.979,-0.361
0.626,1.285,-0.436
0.378,0.904,-0.443
0.269,0.865,-0.124
0.226,0.658,-0.438
0.209,0.774,-0.304
0.207,1.316,-0.617
0.309,0.439,-0.421
0.436,1.364,-0.020
0.229,0.505,-0.275
0.399,1.348,-0.209
-0.010,0.648,-0.601
0.580,1.044,-0.179
0.381,1.658,-0.526
0.465,0.903,-0.148
0.407,1.218,-0.525
0.370,0.771,-0.370
0.457,0.737,-0.487
0.312,0.936,-0.354
0.334,0.883,-0.402
0.433,0.898,-0.386
0.388,0.812,-0.284
0.207,0.992,-0.353
0.135,0.899,-0.363
0.356,0.902,-0.273
0.315,1.049,-0.353

