-0.161,0.759,-0.227
0.037,1.219,-0.203
0.266,0.749,-0.197
0.133,1.568,0.029
0.327,1.078,-0.187
0.057,0.657,-0.123
0.202,1.145,-0.238
0.249,0.761,-0.143
0.443,1.056,-0.060
0.167,0.700,-0.244
0.024,1.205,-0.134
-0.109,1.041,-0.424
0.101,0.760,-0.019
0.249,0.943,-0.470
0.119,0.858,-0.137
0.255,1.248,0.139
0.177,0.771,-0.243
0.121,0.830,-0.056
-0.008,0.948,-0.362
-0.111,0.725,-0.241
0.168,1.191,0.035
0.319,0.594,-0.208
0.051,0.898,-0.168
-0.170,0.902,-0.470
-0.023,0.893,-0.199
0.008,1.088,-0.042
0.154,0.737,-0.219
0.062,1.000,-0.148
-0.155,0.781,-0.524
-0.182,0.838,-0.267
0.083,0.969,0.053
0.208,0.742,-0.233
0.012,0.950,-0.173
-0.122,1.077,-0.480
-0.151,0.740,-0.275
0.110,1.163,-0.136
0.231,0.613,-0.293
0.134,0.992,-0.240
0.251,1.273,-0.134
0.055,0.687,0.010
1
