0.050,0.536,0.008
0.090,1.028,-0.367
0.143,0.861,-0.210
0.442,1.090,-0.227
-0.050,0.724,-0.255
-0.100,1.490,0.027
0.134,1.086,-0.260
0.182,0.814,-0.045
-0.263,1.343,-0.536
0.054,0.408,-0.053
0.149,1.530,-0.171
0.179,0.742,-0.114
0.164,1.336,-0.180
0.181,0.647,-0.108
-0.010,1.050,-0.124
0.331,0.479,-0.323
0.267,1.443,0.088
0.145,0.898,-0.279
-0.133,1.083,-0.201
0.114,1.008,-0.399
0.245,0.641,0.030
-0.141,1.384,-0.485
0.087,0.741,-0.110
-0.025,1.098,-0.365
0.108,0.712,-0.211
0.393,1.375,0.155
0.239,0.615,-0.263
0.153,1.492,-0.103
0.042,0.853,-0.255
0.036,0.958,-0.103
-0.066,1.103,-0.434
0.003,0.597,-0.030
0.064,1.743,-0.137
0.217,0.633,-0.096
0.604,1.240,-0.461
0.079,0.613,-0.141
0.280,1.099,0.055
0.057,0.438,-0.296
0.016,1.514,0.091
0.259,0.812,-0.313
.495
