0.418,1.111,-0.071
0.054,0.703,-0.112
0.050,1.049,0.123
0.237,0.621,-0.261
0.028,1.356,-0.040
0.454,1.378,-0.027
0.116,0.849,-0.162
0.419,0.999,-0.309
0.036,0.568,-0.122
0.484,1.020,-0.465
-0.043,0.662,-0.220
0.352,1.110,-0.006
0.415,0.437,-0.146
0.337,1.589,0.047
-0.031,0.833,-0.417
-0.139,1.107,-0.262
-0.593,1.109,-0.483
0.049,0.818,0.073
-0.240,0.803,-0.669
-0.183,0.447,-0.188
-0.215,1.223,-0.829
0.056,0.863,-0.147
0.623,1.223,-0.195
0.014,0.698,-0.309
0.045,1.688,0.007
0.135,1.049,-0.227
0.001,0.917,-0.105
0.412,0.744,-0.385
-0.007,0.557,0.064
0.423,1.331,-0.130
0.211,0.503,-0.077
0.837,0.893,-0.584
0.156,0.591,-0.108
-0.040,1.155,-0.280
0.225,0.430,-0.245
0.007,1.748,0.148
0.127,0.662,-0.345
-0.127,1.380,-0.239
-0.098,0.963,-0.315
0.001,0.935,-0.122
1
