0.082,1.083,-0.098
0.058,0.495,-0.379
0.361,0.973,-0.267
0.218,1.413,-0.554
0.283,0.669,-0.179
-0.230,0.530,-0.710
0.255,0.742,-0.187
0.910,0.987,-0.751
0.260,0.991,-0.299
0.074,0.786,-0.731
0.491,0.478,-0.301
0.440,1.096,-0.087
0.043,0.259,-0.329
0.374,1.467,-0.100
0.228,0.711,-0.352
0.241,0.900,-0.142
0.378,1.525,-0.583
0.186,0.738,-0.265
0.565,1.321,-0.432
0.104,0.473,-0.164
0.441,1.270,-0.786
0.255,0.904,-0.287
-0.125,0.960,-0.837
0.376,0.744,-0.267
0.259,1.054,0.007
0.056,0.352,-0.514
0.441,1.428,-0.135
0.083,0.954,-0.617
0.373,0.950,-0.166
0.482,0.407,-0.368
0.175,0.892,-0.224
0.185,0.799,-0.345
0.284,0.426,-0.299
0.293,1.199,-0.213
0.653,1.134,-0.633
0.209,0.925,-0.247
-0.061,1.386,-0.814
0.533,0.888,-0.350
0.401,0.990,-0.242
0.194,0.585,-0.393
