0.293,0.501,-0.265
0.095,1.161,-0.093
0.352,1.300,-0.063
0.084,0.767,0.001
0.345,1.424,-0.175
0.201,0.713,-0.080
0.266,1.114,-0.158
0.093,0.878,-0.136
0.036,1.405,0.049
0.089,0.675,-0.296
0.030,0.788,-0.125
0.072,1.686,-0.392
-0.106,0.676,-0.164
-0.107,1.480,-0.391
0.167,0.713,-0.177
0.138,1.409,0.200
0.100,0.926,-0.468
-0.040,0.800,-0.212
0.365,1.452,-0.240
0.157,0.656,-0.109
0.608,1.131,-0.042
0.034,0.726,-0.219
0.099,1.462,-0.008
-0.284,0.906,-0.351
-0.004,0.905,-0.015
0.058,1.152,-0.528
0.199,0.792,-0.324
-0.091,1.262,-0.005
0.156,0.665,-0.292
0.150,0.970,-0.059
0.087,0.926,-0.551
-0.095,0.726,-0.145
-0.303,1.031,-0.576
0.025,1.034,-0.212
0.639,1.374,-0.236
0.017,0.630,-0.314
0.086,1.413,-0.022
-0.163,1.287,-0.245
-0.147,0.970,-0.144
0.212,1.154,-0.320
