0.189,0.822,-0.166
-0.208,1.425,0.032
0.196,0.770,-0.299
0.075,0.940,-0.223
0.280,1.251,-0.059
0.047,0.771,0.026
0.376,1.073,-0.265
0.153,0.918,-0.264
0.064,0.973,-0.052
0.085,1.129,-0.375
-0.221,0.851,-0.144
-0.022,1.120,-0.260
0.191,0.878,-0.143
-0.015,1.057,-0.192
0.059,1.047,-0.216
-0.070,0.962,-0.190
-0.016,1.009,-0.203
0.047,0.941,-0.188
0.247,0.849,-0.377
-0.039,1.142,-0.213
-0.097,0.985,-0.272
-0.104,0.950,-0.335
-0.170,0.845,-0.217
0.169,1.106,-0.345
0.115,0.875,-0.257
-0.006,1.203,-0.069
0.255,1.330,-0.330
0.054,0.747,0.083
0.125,1.411,-0.339
0.055,0.600,-0.141
0.433,1.261,-0.321
0.006,0.696,-0.192
-0.084,1.370,0.195
0.307,1.166,-0.282
0.055,1.124,-0.065
0.288,0.846,-0.284
0.084,0.871,-0.332
0.025,0.821,-0.170
-0.246,0.888,-0.260
0.183,0.649,-0.258
77
