0.216,0.685,-0.660
0.067,0.489,-0.023
0.167,1.089,-0.259
0.153,0.843,-0.153
0.731,1.369,-0.043
-0.005,0.805,-0.249
-0.303,1.754,-0.014
0.161,0.927,-0.282
-0.138,1.071,-0.140
0.396,1.287,-0.109
0.131,0.763,0.119
0.283,1.375,-0.260
0.178,0.465,-0.053
0.527,1.437,-0.540
-0.048,0.682,-0.181
-0.427,1.596,0.031
0.089,0.861,-0.333
0.271,1.236,-0.182
-0.107,0.952,-0.718
0.087,0.486,-0.074
-0.176,1.067,-0.872
0.033,0.759,-0.353
-0.080,1.312,0.005
0.204,0.960,-0.265
0.054,0.829,-0.236
0.171,0.920,-0.382
0.254,0.587,-0.136
0.933,1.238,-0.772
0.159,0.636,-0.133
-0.025,0.984,-0.161
0.467,0.630,-0.307
-0.267,1.255,-0.210
0.708,1.186,-0.072
0.046,0.848,-0.056
0.139,0.734,-0.420
0.201,0.633,0.042
-0.022,1.544,-0.398
0.025,0.706,-0.073
0.025,1.326,-0.767
0.163,0.938,-0.199
