0.483,0.881,-0.369
0.054,1.039,-0.400
0.117,0.889,-0.249
0.131,0.911,-0.104
0.137,0.980,-0.203
0.102,0.996,-0.214
0.137,0.958,-0.249
0.102,0.842,-0.422
0.676,0.814,-0.387
0.353,0.814,-0.334
0.191,1.152,-0.411
0.192,0.929,-0.335
0.332,0.987,-0.480
0.246,1.001,-0.259
0.372,0.917,-0.284
0.202,0.783,-0.429
0.303,0.868,-0.354
0.277,1.085,-0.412
0.268,1.162,-0.355
0.320,1.366,-0.184
0.525,1.436,-0.640
0.285,1.239,-0.195
0.719,1.428,-0.376
0.227,0.704,-0.108
0.570,0.259,-0.390
0.148,0.661,-0.194
0.656,1.358,-0.584
0.302,0.659,-0.299
0.411,0.791,-0.131
0.425,0.992,-0.438
0.063,0.852,-0.427
0.213,0.872,-0.383
0.245,0.919,-0.393
0.148,0.800,-0.400
0.513,0.895,-0.245
0.438,0.797,-0.280
0.498,0.834,-0.271
0.601,0.818,-0.182
0.342,1.081,-0.496
0.243,0.784,-0.191

