0.603,1.163,-0.379
-0.001,0.760,-0.214
0.437,1.405,0.069
0.290,0.626,-0.207
0.400,1.710,0.173
-0.024,0.630,-0.516
-0.072,1.084,-0.327
-0.319,1.512,-0.308
0.148,0.932,-0.017
-0.046,0.980,-0.714
-0.017,0.467,-0.147
-0.356,0.746,-1.109
0.075,1.012,-0.132
0.424,1.175,-0.145
-0.000,0.506,-0.397
0.000,1.626,-0.063
-0.057,1.034,-0.285
-0.023,0.830,-0.267
0.253,0.774,-0.503
-0.113,0.459,-0.054
0.124,0.981,-0.220
0.086,0.829,-0.169
0.368,1.637,-0.350
0.094,0.645,-0.146
-0.017,1.326,-0.164
0.303,0.332,-0.323
0.136,1.531,-0.075
0.238,1.109,-0.346
-0.017,1.103,-0.129
-0.170,1.260,-0.358
0.124,0.574,0.045
-0.221,1.409,-0.390
0.027,0.601,-0.187
0.149,1.442,-0.425
0.153,0.802,-0.198
0.324,1.435,0.063
-0.017,0.549,-0.448
-0.081,1.439,-0.154
-0.053,1.397,-0.287
0.086,0.858,-0.014
