0.184,0.552,-0.226
0.665,1.566,-0.151
0.068,0.715,-0.174
-0.068,1.652,0.080
0.389,0.478,-0.251
0.473,1.580,0.121
0.131,0.719,-0.486
0.053,1.743,-0.016
0.043,0.707,-0.351
-0.214,1.388,0.005
0.235,1.446,-0.292
0.151,0.714,-0.125
0.003,0.867,-0.300
0.169,0.655,0.044
-0.159,1.530,-0.522
-0.007,0.562,-0.085
0.012,0.998,-0.314
0.155,0.913,-0.093
0.269,1.213,-0.649
0.064,0.652,-0.090
0.059,1.317,-0.275
0.229,0.657,-0.236
0.321,1.397,0.035
0.051,0.677,-0.368
0.153,1.617,0.153
0.289,0.689,-0.237
-0.004,1.228,-0.072
0.527,1.393,-0.194
-0.002,0.946,-0.191
0.239,1.094,-0.434
0.183,0.467,0.000
-0.105,1.208,-0.423
0.022,0.470,-0.192
-0.304,1.413,-0.877
0.172,0.938,-0.117
0.187,0.976,-0.148
-0.201,0.736,-0.276
0.239,1.309,-0.049
0.132,1.056,-0.385
0.207,0.882,-0.325
.296
1
