0.110,0.831,-0.201
0.200,1.493,-0.023
0.129,0.998,-0.291
0.108,0.723,-0.099
-0.005,1.234,-0.436
-0.071,0.684,-0.182
-0.099,1.115,-0.248
0.305,0.747,-0.172
0.062,1.433,0.048
0.276,1.109,-0.225
0.097,0.809,-0.030
0.197,1.176,-0.234
0.226,0.693,-0.223
0.382,1.133,-0.112
0.109,0.729,-0.272
-0.100,1.032,-0.373
-0.280,1.024,-0.315
0.103,0.869,-0.007
0.201,1.020,-0.460
-0.048,0.743,-0.248
0.124,1.080,-0.074
0.216,0.537,-0.213
-0.192,1.643,0.010
0.217,1.112,-0.231
0.092,0.811,-0.052
0.505,1.037,-0.124
0.258,0.776,-0.217
0.491,1.240,-0.155
0.023,0.773,-0.158
0.108,1.360,-0.035
0.079,1.061,-0.235
0.203,0.833,-0.129
-0.090,1.083,-0.452
0.042,0.755,-0.063
-0.070,1.132,-0.547
0.221,1.011,-0.181
0.135,1.320,0.078
0.149,0.846,-0.369
0.110,0.816,-0.061
0.377,1.017,-0.232
0.178
