-0.020,0.854,-0.371
0.075,0.736,-0.081
0.335,1.261,-0.398
0.118,0.902,-0.194
-0.010,1.409,0.014
0.181,1.045,-0.246
0.132,0.779,0.033
-0.123,0.993,-0.443
-0.021,0.673,-0.102
-0.169,1.070,-0.408
0.130,0.777,-0.192
0.264,1.591,0.104
0.217,0.965,-0.225
0.122,0.807,-0.063
0.355,0.989,-0.176
0.254,0.743,-0.218
0.246,1.313,-0.203
0.034,0.788,-0.258
0.033,1.362,-0.100
0.133,0.909,-0.224
0.123,0.836,-0.128
-0.183,1.100,-0.633
-0.037,0.710,-0.072
-0.197,1.238,-0.608
0.166,0.896,-0.170
0.340,1.124,0.028
0.059,0.550,-0.372
-0.131,0.994,-0.245
-0.069,1.078,-0.386
0.164,0.914,-0.002
0.401,1.005,-0.444
-0.038,0.727,-0.186
-0.071,1.378,0.048
0.095,0.631,-0.321
0.113,0.951,-0.123
-0.007,0.984,-0.381
0.138,0.741,-0.005
-0.145,1.092,-0.278
0.271,0.600,-0.095
0.385,1.250,-0.230
