0.079,0.993,-0.070
0.080,0.988,-0.076
0.079,0.997,-0.067
0.081,1.000,-0.075
0.075,0.986,-0.068
0.073,0.984,-0.066
0.079,0.994,-0.075
0.065,0.987,-0.069
0.086,0.988,-0.068
0.069,0.996,-0.074
0.068,0.989,-0.074
0.069,0.984,-0.069
0.067,0.989,-0.066
0.086,0.989,-0.066
0.070,0.990,-0.078
0.063,0.987,-0.077
0.076,0.993,-0.082
0.084,0.984,-0.068
0.081,0.983,-0.066
0.072,0.985,-0.073
0.089,0.987,-0.075
0.088,0.988,-0.072
0.070,0.988,-0.093
0.081,0.986,-0.054
0.083,0.988,-0.066
0.078,0.994,-0.076
0.084,0.996,-0.075
0.076,0.989,-0.086
0.082,0.989,-0.066
0.064,0.995,-0.066
0.083,0.987,-0.076
0.063,0.992,-0.073
0.088,0.994,-0.067
0.093,0.990,-0.064
0.090,0.993,-0.077
0.089,0.990,-0.074
0.092,0.989,-0.069
0.093,0.997,-0.086
0.076,0.998,-0.071
0.083,0.978,-0.081
