0.090,0.991,-0.079
0.083,0.992,-0.085
0.084,0.986,-0.070
0.079,0.989,-0.073
0.080,0.989,-0.073
0.084,0.994,-0.063
0.084,0.986,-0.070
0.085,0.991,-0.073
0.066,0.990,-0.075
0.081,0.995,-0.067
0.077,0.990,-0.073
0.071,0.999,-0.089
0.074,0.993,-0.079
0.088,0.992,-0.064
0.084,0.989,-0.085
0.088,1.010,-0.079
0.088,0.990,-0.067
0.081,0.990,-0.080
0.091,0.987,-0.069
0.088,0.992,-0.070
0.079,0.993,-0.073
0.096,0.989,-0.074
0.080,0.990,-0.080
0.090,0.984,-0.076
0.085,0.999,-0.086
0.078,0.983,-0.076
0.081,0.984,-0.066
0.082,0.983,-0.073
0.085,0.984,-0.078
0.091,0.992,-0.073
0.067,0.989,-0.066
0.083,0.985,-0.075
0.071,0.983,-0.066
0.073,0.990,-0.074
0.080,0.985,-0.078
0.088,0.989,-0.074
0.072,0.999,-0.093
0.076,0.987,-0.071
0.089,0.988,-0.073
0.072,0.984,-0.075
