0.146,0.967,-0.326
0.139,0.955,-0.325
0.131,0.968,-0.314
0.122,0.955,-0.321
0.137,0.960,-0.316
0.137,0.962,-0.303
0.111,0.971,-0.318
0.139,0.961,-0.314
0.167,0.957,-0.295
0.143,0.952,-0.307
0.097,0.951,-0.310
0.127,0.979,-0.325
0.149,0.964,-0.307
0.122,0.967,-0.306
0.135,0.975,-0.301
0.137,0.967,-0.304
0.128,0.984,-0.313
0.131,0.962,-0.297
0.132,0.973,-0.313
0.148,0.960,-0.323
0.127,0.967,-0.303
0.137,0.963,-0.319
0.135,0.962,-0.320
0.129,0.965,-0.313
0.132,0.962,-0.317
0.135,0.964,-0.315
0.129,0.965,-0.323
0.122,0.961,-0.322
0.131,0.958,-0.319
0.149,0.954,-0.321
0.138,0.956,-0.319
0.128,0.954,-0.324
0.124,0.962,-0.319
0.126,0.948,-0.310
0.136,0.956,-0.326
0.136,0.964,-0.330
0.137,0.959,-0.329
0.131,0.956,-0.314
0.136,0.958,-0.320
0.127,0.969,-0.321
