0.126,0.943,-0.327
0.132,0.960,-0.327
0.139,0.964,-0.327
0.127,0.964,-0.324
0.139,0.960,-0.327
0.132,0.963,-0.328
0.128,0.949,-0.323
0.135,0.967,-0.324
0.126,0.956,-0.318
0.125,0.966,-0.329
0.129,0.981,-0.312
0.136,0.948,-0.323
0.127,0.965,-0.312
0.143,0.975,-0.299
0.141,0.962,-0.342
0.122,0.962,-0.310
0.114,0.959,-0.300
0.112,0.958,-0.320
0.128,0.964,-0.325
0.135,0.959,-0.318
0.140,0.969,-0.317
0.133,0.968,-0.319
0.119,0.963,-0.327
0.127,0.962,-0.311
0.135,0.957,-0.322
0.117,0.964,-0.322
0.154,0.960,-0.319
0.136,0.964,-0.328
0.130,0.962,-0.317
0.128,0.957,-0.328
0.129,0.961,-0.312
0.101,0.965,-0.304
0.118,0.957,-0.321
0.126,0.983,-0.313
0.128,0.956,-0.304
0.134,0.963,-0.321
0.149,0.950,-0.315
0.110,0.969,-0.322
0.147,0.961,-0.309
0.131,0.960,-0.286
