0.090,0.989,-0.074
0.052,0.992,-0.067
0.083,0.988,-0.065
0.071,0.990,-0.061
0.094,0.983,-0.076
0.071,0.993,-0.066
0.071,0.989,-0.053
0.090,0.992,-0.066
0.069,0.993,-0.069
0.093,0.986,-0.076
0.090,0.989,-0.067
0.063,0.987,-0.073
0.070,0.990,-0.068
0.079,0.991,-0.068
0.073,0.985,-0.073
0.081,0.987,-0.073
0.083,0.987,-0.068
0.083,0.993,-0.072
0.074,0.987,-0.073
0.064,0.999,-0.054
0.079,0.969,-0.072
0.092,0.985,-0.073
0.084,0.991,-0.070
0.092,0.994,-0.068
0.074,0.990,-0.073
0.091,0.992,-0.091
0.086,0.992,-0.060
0.081,0.993,-0.073
0.083,0.994,-0.077
0.090,0.991,-0.073
0.078,0.989,-0.072
0.089,0.990,-0.079
0.091,0.990,-0.071
0.063,0.990,-0.074
0.077,0.990,-0.073
0.082,0.981,-0.068
0.090,0.990,-0.083
0.065,0.993,-0.077
0.064,0.990,-0.072
0.086,0.990,-0.088
