0.091,0.971,-0.068
0.075,0.989,-0.068
0.089,0.983,-0.077
0.083,0.987,-0.068
0.079,0.993,-0.076
0.078,0.989,-0.072
0.083,0.987,-0.067
0.079,0.988,-0.069
0.086,0.998,-0.071
0.072,0.972,-0.073
0.073,0.990,-0.065
0.077,0.994,-0.071
0.083,0.999,-0.076
0.087,0.986,-0.073
0.075,0.988,-0.090
0.090,0.987,-0.080
0.063,0.985,-0.077
0.093,0.989,-0.068
0.091,0.987,-0.076
0.084,0.989,-0.077
0.086,0.987,-0.066
0.091,0.999,-0.069
0.080,0.989,-0.081
0.081,0.989,-0.071
0.093,0.992,-0.072
0.086,0.987,-0.078
0.080,0.990,-0.073
0.085,0.993,-0.076
0.075,0.983,-0.076
0.079,0.993,-0.073
0.072,0.996,-0.073
0.079,0.994,-0.075
0.085,0.983,-0.068
0.083,0.993,-0.066
0.088,0.988,-0.062
0.069,0.985,-0.067
0.072,0.988,-0.089
0.067,0.998,-0.077
0.078,0.983,-0.071
0.081,0.992,-0.070
